% # columns="iteration, evaluation, min max(neg(.)) min(pos(.)) max correlation, correlation matrix principal axes lengths  (sorted square roots of eigenvalues of correlation matrix)", seed=127, Tue Nov 25 14:49:33 2025
1 200 -0.07004362204745629 -0.01638517558528946 0.0180387160447689 0.05659015571906169 0.8782772350456852 0.8987308063141459 0.9333088995172563 0.9481263396980494 0.9535761043898008 0.9734214761840453 0.9809938226088636 0.9846551921204153 0.9934331159520544 0.9999403960159657 1.0064094609225551 1.0120471172604213 1.0175892269858735 1.0322238540564457 1.034295512030831 1.0435253698636386 1.0482289418693127 1.0510567150678223 1.0575337253370378 1.0593316202391156 1.0651340072603388
2 400 -0.07004362204745629 -0.01638517558528946 0.0180387160447689 0.05659015571906169 0.8782772350456852 0.8987308063141459 0.9333088995172563 0.9481263396980494 0.9535761043898008 0.9734214761840453 0.9809938226088636 0.9846551921204153 0.9934331159520544 0.9999403960159657 1.0064094609225551 1.0120471172604213 1.0175892269858735 1.0322238540564457 1.034295512030831 1.0435253698636386 1.0482289418693127 1.0510567150678223 1.0575337253370378 1.0593316202391156 1.0651340072603388
3 600 -0.07004362204745629 -0.01638517558528946 0.0180387160447689 0.05659015571906169 0.8782772350456852 0.8987308063141459 0.9333088995172563 0.9481263396980494 0.9535761043898008 0.9734214761840453 0.9809938226088636 0.9846551921204153 0.9934331159520544 0.9999403960159657 1.0064094609225551 1.0120471172604213 1.0175892269858735 1.0322238540564457 1.034295512030831 1.0435253698636386 1.0482289418693127 1.0510567150678223 1.0575337253370378 1.0593316202391156 1.0651340072603388
4 800 -0.07004362204745629 -0.01638517558528946 0.0180387160447689 0.05659015571906169 0.8782772350456852 0.8987308063141459 0.9333088995172563 0.9481263396980494 0.9535761043898008 0.9734214761840453 0.9809938226088636 0.9846551921204153 0.9934331159520544 0.9999403960159657 1.0064094609225551 1.0120471172604213 1.0175892269858735 1.0322238540564457 1.034295512030831 1.0435253698636386 1.0482289418693127 1.0510567150678223 1.0575337253370378 1.0593316202391156 1.0651340072603388
5 1000 -0.07004362204745629 -0.01638517558528946 0.0180387160447689 0.05659015571906169 0.8782772350456852 0.8987308063141459 0.9333088995172563 0.9481263396980494 0.9535761043898008 0.9734214761840453 0.9809938226088636 0.9846551921204153 0.9934331159520544 0.9999403960159657 1.0064094609225551 1.0120471172604213 1.0175892269858735 1.0322238540564457 1.034295512030831 1.0435253698636386 1.0482289418693127 1.0510567150678223 1.0575337253370378 1.0593316202391156 1.0651340072603388
6 1200 -0.07004362204745629 -0.01638517558528946 0.0180387160447689 0.05659015571906169 0.8782772350456852 0.8987308063141459 0.9333088995172563 0.9481263396980494 0.9535761043898008 0.9734214761840453 0.9809938226088636 0.9846551921204153 0.9934331159520544 0.9999403960159657 1.0064094609225551 1.0120471172604213 1.0175892269858735 1.0322238540564457 1.034295512030831 1.0435253698636386 1.0482289418693127 1.0510567150678223 1.0575337253370378 1.0593316202391156 1.0651340072603388
7 1400 -0.07004362204745629 -0.01638517558528946 0.0180387160447689 0.05659015571906169 0.8782772350456852 0.8987308063141459 0.9333088995172563 0.9481263396980494 0.9535761043898008 0.9734214761840453 0.9809938226088636 0.9846551921204153 0.9934331159520544 0.9999403960159657 1.0064094609225551 1.0120471172604213 1.0175892269858735 1.0322238540564457 1.034295512030831 1.0435253698636386 1.0482289418693127 1.0510567150678223 1.0575337253370378 1.0593316202391156 1.0651340072603388
8 1600 -0.07004362204745629 -0.01638517558528946 0.0180387160447689 0.05659015571906169 0.8782772350456852 0.8987308063141459 0.9333088995172563 0.9481263396980494 0.9535761043898008 0.9734214761840453 0.9809938226088636 0.9846551921204153 0.9934331159520544 0.9999403960159657 1.0064094609225551 1.0120471172604213 1.0175892269858735 1.0322238540564457 1.034295512030831 1.0435253698636386 1.0482289418693127 1.0510567150678223 1.0575337253370378 1.0593316202391156 1.0651340072603388
9 1800 -0.07004362204745629 -0.01638517558528946 0.0180387160447689 0.05659015571906169 0.8782772350456852 0.8987308063141459 0.9333088995172563 0.9481263396980494 0.9535761043898008 0.9734214761840453 0.9809938226088636 0.9846551921204153 0.9934331159520544 0.9999403960159657 1.0064094609225551 1.0120471172604213 1.0175892269858735 1.0322238540564457 1.034295512030831 1.0435253698636386 1.0482289418693127 1.0510567150678223 1.0575337253370378 1.0593316202391156 1.0651340072603388
10 2000 -0.07004362204745629 -0.01638517558528946 0.0180387160447689 0.05659015571906169 0.8782772350456852 0.8987308063141459 0.9333088995172563 0.9481263396980494 0.9535761043898008 0.9734214761840453 0.9809938226088636 0.9846551921204153 0.9934331159520544 0.9999403960159657 1.0064094609225551 1.0120471172604213 1.0175892269858735 1.0322238540564457 1.034295512030831 1.0435253698636386 1.0482289418693127 1.0510567150678223 1.0575337253370378 1.0593316202391156 1.0651340072603388
11 2200 -0.07004362204745629 -0.01638517558528946 0.0180387160447689 0.05659015571906169 0.8782772350456852 0.8987308063141459 0.9333088995172563 0.9481263396980494 0.9535761043898008 0.9734214761840453 0.9809938226088636 0.9846551921204153 0.9934331159520544 0.9999403960159657 1.0064094609225551 1.0120471172604213 1.0175892269858735 1.0322238540564457 1.034295512030831 1.0435253698636386 1.0482289418693127 1.0510567150678223 1.0575337253370378 1.0593316202391156 1.0651340072603388
12 2400 -0.07004362204745629 -0.01638517558528946 0.0180387160447689 0.05659015571906169 0.8782772350456852 0.8987308063141459 0.9333088995172563 0.9481263396980494 0.9535761043898008 0.9734214761840453 0.9809938226088636 0.9846551921204153 0.9934331159520544 0.9999403960159657 1.0064094609225551 1.0120471172604213 1.0175892269858735 1.0322238540564457 1.034295512030831 1.0435253698636386 1.0482289418693127 1.0510567150678223 1.0575337253370378 1.0593316202391156 1.0651340072603388
13 2600 -0.07004362204745629 -0.01638517558528946 0.0180387160447689 0.05659015571906169 0.8782772350456852 0.8987308063141459 0.9333088995172563 0.9481263396980494 0.9535761043898008 0.9734214761840453 0.9809938226088636 0.9846551921204153 0.9934331159520544 0.9999403960159657 1.0064094609225551 1.0120471172604213 1.0175892269858735 1.0322238540564457 1.034295512030831 1.0435253698636386 1.0482289418693127 1.0510567150678223 1.0575337253370378 1.0593316202391156 1.0651340072603388
14 2800 -0.07004362204745629 -0.01638517558528946 0.0180387160447689 0.05659015571906169 0.8782772350456852 0.8987308063141459 0.9333088995172563 0.9481263396980494 0.9535761043898008 0.9734214761840453 0.9809938226088636 0.9846551921204153 0.9934331159520544 0.9999403960159657 1.0064094609225551 1.0120471172604213 1.0175892269858735 1.0322238540564457 1.034295512030831 1.0435253698636386 1.0482289418693127 1.0510567150678223 1.0575337253370378 1.0593316202391156 1.0651340072603388
15 3000 -0.07004362204745629 -0.01638517558528946 0.0180387160447689 0.05659015571906169 0.8782772350456852 0.8987308063141459 0.9333088995172563 0.9481263396980494 0.9535761043898008 0.9734214761840453 0.9809938226088636 0.9846551921204153 0.9934331159520544 0.9999403960159657 1.0064094609225551 1.0120471172604213 1.0175892269858735 1.0322238540564457 1.034295512030831 1.0435253698636386 1.0482289418693127 1.0510567150678223 1.0575337253370378 1.0593316202391156 1.0651340072603388
16 3200 -0.07004362204745629 -0.01638517558528946 0.0180387160447689 0.05659015571906169 0.8782772350456852 0.8987308063141459 0.9333088995172563 0.9481263396980494 0.9535761043898008 0.9734214761840453 0.9809938226088636 0.9846551921204153 0.9934331159520544 0.9999403960159657 1.0064094609225551 1.0120471172604213 1.0175892269858735 1.0322238540564457 1.034295512030831 1.0435253698636386 1.0482289418693127 1.0510567150678223 1.0575337253370378 1.0593316202391156 1.0651340072603388
17 3400 -0.07004362204745629 -0.01638517558528946 0.0180387160447689 0.05659015571906169 0.8782772350456852 0.8987308063141459 0.9333088995172563 0.9481263396980494 0.9535761043898008 0.9734214761840453 0.9809938226088636 0.9846551921204153 0.9934331159520544 0.9999403960159657 1.0064094609225551 1.0120471172604213 1.0175892269858735 1.0322238540564457 1.034295512030831 1.0435253698636386 1.0482289418693127 1.0510567150678223 1.0575337253370378 1.0593316202391156 1.0651340072603388
18 3600 -0.07004362204745629 -0.01638517558528946 0.0180387160447689 0.05659015571906169 0.8782772350456852 0.8987308063141459 0.9333088995172563 0.9481263396980494 0.9535761043898008 0.9734214761840453 0.9809938226088636 0.9846551921204153 0.9934331159520544 0.9999403960159657 1.0064094609225551 1.0120471172604213 1.0175892269858735 1.0322238540564457 1.034295512030831 1.0435253698636386 1.0482289418693127 1.0510567150678223 1.0575337253370378 1.0593316202391156 1.0651340072603388
19 3800 -0.07004362204745629 -0.01638517558528946 0.0180387160447689 0.05659015571906169 0.8782772350456852 0.8987308063141459 0.9333088995172563 0.9481263396980494 0.9535761043898008 0.9734214761840453 0.9809938226088636 0.9846551921204153 0.9934331159520544 0.9999403960159657 1.0064094609225551 1.0120471172604213 1.0175892269858735 1.0322238540564457 1.034295512030831 1.0435253698636386 1.0482289418693127 1.0510567150678223 1.0575337253370378 1.0593316202391156 1.0651340072603388
20 4000 -0.07004362204745629 -0.01638517558528946 0.0180387160447689 0.05659015571906169 0.8782772350456852 0.8987308063141459 0.9333088995172563 0.9481263396980494 0.9535761043898008 0.9734214761840453 0.9809938226088636 0.9846551921204153 0.9934331159520544 0.9999403960159657 1.0064094609225551 1.0120471172604213 1.0175892269858735 1.0322238540564457 1.034295512030831 1.0435253698636386 1.0482289418693127 1.0510567150678223 1.0575337253370378 1.0593316202391156 1.0651340072603388
21 4200 -0.07004362204745629 -0.01638517558528946 0.0180387160447689 0.05659015571906169 0.8782772350456852 0.8987308063141459 0.9333088995172563 0.9481263396980494 0.9535761043898008 0.9734214761840453 0.9809938226088636 0.9846551921204153 0.9934331159520544 0.9999403960159657 1.0064094609225551 1.0120471172604213 1.0175892269858735 1.0322238540564457 1.034295512030831 1.0435253698636386 1.0482289418693127 1.0510567150678223 1.0575337253370378 1.0593316202391156 1.0651340072603388
22 4400 -0.21760392691702232 -0.05913059652789799 0.045639997761125185 0.18405158275422473 0.6932332362375151 0.7272119841580732 0.7741987965919601 0.7923216316001526 0.8210062521467538 0.847724146866051 0.8848932313620785 0.8894690760614 0.9124503019457488 0.9570247718106404 1.0056815295052073 1.0305416356534034 1.0456800590838238 1.0667287852280782 1.0765136330084404 1.1113499977671246 1.1318213022235761 1.1863300067995919 1.2186649751486005 1.2412056077949063 1.2787530640644362
23 4600 -0.21760392691702232 -0.05913059652789799 0.045639997761125185 0.18405158275422473 0.6932332362375151 0.7272119841580732 0.7741987965919601 0.7923216316001526 0.8210062521467538 0.847724146866051 0.8848932313620785 0.8894690760614 0.9124503019457488 0.9570247718106404 1.0056815295052073 1.0305416356534034 1.0456800590838238 1.0667287852280782 1.0765136330084404 1.1113499977671246 1.1318213022235761 1.1863300067995919 1.2186649751486005 1.2412056077949063 1.2787530640644362
24 4800 -0.21760392691702232 -0.05913059652789799 0.045639997761125185 0.18405158275422473 0.6932332362375151 0.7272119841580732 0.7741987965919601 0.7923216316001526 0.8210062521467538 0.847724146866051 0.8848932313620785 0.8894690760614 0.9124503019457488 0.9570247718106404 1.0056815295052073 1.0305416356534034 1.0456800590838238 1.0667287852280782 1.0765136330084404 1.1113499977671246 1.1318213022235761 1.1863300067995919 1.2186649751486005 1.2412056077949063 1.2787530640644362
25 5000 -0.21760392691702232 -0.05913059652789799 0.045639997761125185 0.18405158275422473 0.6932332362375151 0.7272119841580732 0.7741987965919601 0.7923216316001526 0.8210062521467538 0.847724146866051 0.8848932313620785 0.8894690760614 0.9124503019457488 0.9570247718106404 1.0056815295052073 1.0305416356534034 1.0456800590838238 1.0667287852280782 1.0765136330084404 1.1113499977671246 1.1318213022235761 1.1863300067995919 1.2186649751486005 1.2412056077949063 1.2787530640644362
26 5200 -0.21760392691702232 -0.05913059652789799 0.045639997761125185 0.18405158275422473 0.6932332362375151 0.7272119841580732 0.7741987965919601 0.7923216316001526 0.8210062521467538 0.847724146866051 0.8848932313620785 0.8894690760614 0.9124503019457488 0.9570247718106404 1.0056815295052073 1.0305416356534034 1.0456800590838238 1.0667287852280782 1.0765136330084404 1.1113499977671246 1.1318213022235761 1.1863300067995919 1.2186649751486005 1.2412056077949063 1.2787530640644362
27 5400 -0.21760392691702232 -0.05913059652789799 0.045639997761125185 0.18405158275422473 0.6932332362375151 0.7272119841580732 0.7741987965919601 0.7923216316001526 0.8210062521467538 0.847724146866051 0.8848932313620785 0.8894690760614 0.9124503019457488 0.9570247718106404 1.0056815295052073 1.0305416356534034 1.0456800590838238 1.0667287852280782 1.0765136330084404 1.1113499977671246 1.1318213022235761 1.1863300067995919 1.2186649751486005 1.2412056077949063 1.2787530640644362
28 5600 -0.21760392691702232 -0.05913059652789799 0.045639997761125185 0.18405158275422473 0.6932332362375151 0.7272119841580732 0.7741987965919601 0.7923216316001526 0.8210062521467538 0.847724146866051 0.8848932313620785 0.8894690760614 0.9124503019457488 0.9570247718106404 1.0056815295052073 1.0305416356534034 1.0456800590838238 1.0667287852280782 1.0765136330084404 1.1113499977671246 1.1318213022235761 1.1863300067995919 1.2186649751486005 1.2412056077949063 1.2787530640644362
29 5800 -0.21760392691702232 -0.05913059652789799 0.045639997761125185 0.18405158275422473 0.6932332362375151 0.7272119841580732 0.7741987965919601 0.7923216316001526 0.8210062521467538 0.847724146866051 0.8848932313620785 0.8894690760614 0.9124503019457488 0.9570247718106404 1.0056815295052073 1.0305416356534034 1.0456800590838238 1.0667287852280782 1.0765136330084404 1.1113499977671246 1.1318213022235761 1.1863300067995919 1.2186649751486005 1.2412056077949063 1.2787530640644362
30 6000 -0.21760392691702232 -0.05913059652789799 0.045639997761125185 0.18405158275422473 0.6932332362375151 0.7272119841580732 0.7741987965919601 0.7923216316001526 0.8210062521467538 0.847724146866051 0.8848932313620785 0.8894690760614 0.9124503019457488 0.9570247718106404 1.0056815295052073 1.0305416356534034 1.0456800590838238 1.0667287852280782 1.0765136330084404 1.1113499977671246 1.1318213022235761 1.1863300067995919 1.2186649751486005 1.2412056077949063 1.2787530640644362
30 6000 -0.21760392691702232 -0.05913059652789799 0.045639997761125185 0.18405158275422473 0.6932332362375151 0.7272119841580732 0.7741987965919601 0.7923216316001526 0.8210062521467538 0.847724146866051 0.8848932313620785 0.8894690760614 0.9124503019457488 0.9570247718106404 1.0056815295052073 1.0305416356534034 1.0456800590838238 1.0667287852280782 1.0765136330084404 1.1113499977671246 1.1318213022235761 1.1863300067995919 1.2186649751486005 1.2412056077949063 1.2787530640644362
