% # columns="iteration, evaluation, min max(neg(.)) min(pos(.)) max correlation, correlation matrix principal axes lengths  (sorted square roots of eigenvalues of correlation matrix)", seed=127, Tue Nov 25 14:49:33 2025
1 200 -0.06348510899203111 -0.01897266902284032 0.018510498977547613 0.07641223598991218 0.9325810585105214 0.9379487384588461 0.9391813633319548 0.9446000240553645 0.9492505522725878 0.9528748860350943 0.96164757244774 0.9630925641680732 0.9781254916893509 0.9841469538437569 0.9876000254077775 0.9946403842358648 1.0025043073873123 1.0109234280967625 1.013779375362553 1.0217452420796103 1.0442826618047791 1.049494494730391 1.0654891382469447 1.1053129114247235 1.130165320897877
2 400 -0.07843501058071922 -0.025005316511700723 0.017754806682250723 0.11861055641823968 0.9325810585105214 0.9379487384588461 0.9391813633319548 0.9446000240553645 0.9492505522725878 0.9528748860350943 0.96164757244774 0.9630925641680732 0.9781254916893509 0.9841469538437569 0.9876000254077775 0.9946403842358648 1.0025043073873123 1.0109234280967625 1.013779375362553 1.0217452420796103 1.0442826618047791 1.049494494730391 1.0654891382469447 1.1053129114247235 1.130165320897877
3 600 -0.1088744936492233 -0.028506498015017437 0.0263209122936693 0.11418032501841123 0.9325810585105214 0.9379487384588461 0.9391813633319548 0.9446000240553645 0.9492505522725878 0.9528748860350943 0.96164757244774 0.9630925641680732 0.9781254916893509 0.9841469538437569 0.9876000254077775 0.9946403842358648 1.0025043073873123 1.0109234280967625 1.013779375362553 1.0217452420796103 1.0442826618047791 1.049494494730391 1.0654891382469447 1.1053129114247235 1.130165320897877
4 800 -0.11054128467341855 -0.043669763664307526 0.03226795252872403 0.15002273691318668 0.9325810585105214 0.9379487384588461 0.9391813633319548 0.9446000240553645 0.9492505522725878 0.9528748860350943 0.96164757244774 0.9630925641680732 0.9781254916893509 0.9841469538437569 0.9876000254077775 0.9946403842358648 1.0025043073873123 1.0109234280967625 1.013779375362553 1.0217452420796103 1.0442826618047791 1.049494494730391 1.0654891382469447 1.1053129114247235 1.130165320897877
5 1000 -0.15620280713804838 -0.044681821379664394 0.03483100014347785 0.17983440696725525 0.9325810585105214 0.9379487384588461 0.9391813633319548 0.9446000240553645 0.9492505522725878 0.9528748860350943 0.96164757244774 0.9630925641680732 0.9781254916893509 0.9841469538437569 0.9876000254077775 0.9946403842358648 1.0025043073873123 1.0109234280967625 1.013779375362553 1.0217452420796103 1.0442826618047791 1.049494494730391 1.0654891382469447 1.1053129114247235 1.130165320897877
6 1200 -0.15128433506139322 -0.04485503331307143 0.038222956441357175 0.18274734369349283 0.9325810585105214 0.9379487384588461 0.9391813633319548 0.9446000240553645 0.9492505522725878 0.9528748860350943 0.96164757244774 0.9630925641680732 0.9781254916893509 0.9841469538437569 0.9876000254077775 0.9946403842358648 1.0025043073873123 1.0109234280967625 1.013779375362553 1.0217452420796103 1.0442826618047791 1.049494494730391 1.0654891382469447 1.1053129114247235 1.130165320897877
7 1400 -0.16881953741170008 -0.044999271132111426 0.04304328414056959 0.19190096295489983 0.9325810585105214 0.9379487384588461 0.9391813633319548 0.9446000240553645 0.9492505522725878 0.9528748860350943 0.96164757244774 0.9630925641680732 0.9781254916893509 0.9841469538437569 0.9876000254077775 0.9946403842358648 1.0025043073873123 1.0109234280967625 1.013779375362553 1.0217452420796103 1.0442826618047791 1.049494494730391 1.0654891382469447 1.1053129114247235 1.130165320897877
8 1600 -0.17510693860884025 -0.052055361793468466 0.046954999738716245 0.19042750360076435 0.9325810585105214 0.9379487384588461 0.9391813633319548 0.9446000240553645 0.9492505522725878 0.9528748860350943 0.96164757244774 0.9630925641680732 0.9781254916893509 0.9841469538437569 0.9876000254077775 0.9946403842358648 1.0025043073873123 1.0109234280967625 1.013779375362553 1.0217452420796103 1.0442826618047791 1.049494494730391 1.0654891382469447 1.1053129114247235 1.130165320897877
9 1800 -0.19128930551184245 -0.05109601744608628 0.046989215364011114 0.18144680899001145 0.9325810585105214 0.9379487384588461 0.9391813633319548 0.9446000240553645 0.9492505522725878 0.9528748860350943 0.96164757244774 0.9630925641680732 0.9781254916893509 0.9841469538437569 0.9876000254077775 0.9946403842358648 1.0025043073873123 1.0109234280967625 1.013779375362553 1.0217452420796103 1.0442826618047791 1.049494494730391 1.0654891382469447 1.1053129114247235 1.130165320897877
10 2000 -0.16223366570781209 -0.041169607772907554 0.0545839437226877 0.17592556667646023 0.9325810585105214 0.9379487384588461 0.9391813633319548 0.9446000240553645 0.9492505522725878 0.9528748860350943 0.96164757244774 0.9630925641680732 0.9781254916893509 0.9841469538437569 0.9876000254077775 0.9946403842358648 1.0025043073873123 1.0109234280967625 1.013779375362553 1.0217452420796103 1.0442826618047791 1.049494494730391 1.0654891382469447 1.1053129114247235 1.130165320897877
11 2200 -0.16699260528753537 -0.05236178921211536 0.05649892266817181 0.19376331090494073 0.9325810585105214 0.9379487384588461 0.9391813633319548 0.9446000240553645 0.9492505522725878 0.9528748860350943 0.96164757244774 0.9630925641680732 0.9781254916893509 0.9841469538437569 0.9876000254077775 0.9946403842358648 1.0025043073873123 1.0109234280967625 1.013779375362553 1.0217452420796103 1.0442826618047791 1.049494494730391 1.0654891382469447 1.1053129114247235 1.130165320897877
12 2400 -0.16469073545678042 -0.04604345073340416 0.05478294325093273 0.21138720274782652 0.9325810585105214 0.9379487384588461 0.9391813633319548 0.9446000240553645 0.9492505522725878 0.9528748860350943 0.96164757244774 0.9630925641680732 0.9781254916893509 0.9841469538437569 0.9876000254077775 0.9946403842358648 1.0025043073873123 1.0109234280967625 1.013779375362553 1.0217452420796103 1.0442826618047791 1.049494494730391 1.0654891382469447 1.1053129114247235 1.130165320897877
13 2600 -0.17355396819101032 -0.051825057888264095 0.06187303340125597 0.24912710800109025 0.9325810585105214 0.9379487384588461 0.9391813633319548 0.9446000240553645 0.9492505522725878 0.9528748860350943 0.96164757244774 0.9630925641680732 0.9781254916893509 0.9841469538437569 0.9876000254077775 0.9946403842358648 1.0025043073873123 1.0109234280967625 1.013779375362553 1.0217452420796103 1.0442826618047791 1.049494494730391 1.0654891382469447 1.1053129114247235 1.130165320897877
14 2800 -0.1672713337137583 -0.053725541795119 0.060858682842470715 0.2064537510011963 0.9325810585105214 0.9379487384588461 0.9391813633319548 0.9446000240553645 0.9492505522725878 0.9528748860350943 0.96164757244774 0.9630925641680732 0.9781254916893509 0.9841469538437569 0.9876000254077775 0.9946403842358648 1.0025043073873123 1.0109234280967625 1.013779375362553 1.0217452420796103 1.0442826618047791 1.049494494730391 1.0654891382469447 1.1053129114247235 1.130165320897877
15 3000 -0.16663670597839764 -0.04907789754360291 0.06225805615472324 0.22697615633759308 0.9325810585105214 0.9379487384588461 0.9391813633319548 0.9446000240553645 0.9492505522725878 0.9528748860350943 0.96164757244774 0.9630925641680732 0.9781254916893509 0.9841469538437569 0.9876000254077775 0.9946403842358648 1.0025043073873123 1.0109234280967625 1.013779375362553 1.0217452420796103 1.0442826618047791 1.049494494730391 1.0654891382469447 1.1053129114247235 1.130165320897877
16 3200 -0.15992811122715925 -0.04051381593517209 0.05872624410976446 0.22321260424258008 0.9325810585105214 0.9379487384588461 0.9391813633319548 0.9446000240553645 0.9492505522725878 0.9528748860350943 0.96164757244774 0.9630925641680732 0.9781254916893509 0.9841469538437569 0.9876000254077775 0.9946403842358648 1.0025043073873123 1.0109234280967625 1.013779375362553 1.0217452420796103 1.0442826618047791 1.049494494730391 1.0654891382469447 1.1053129114247235 1.130165320897877
17 3400 -0.16705825415140127 -0.04437248643866243 0.059076946523704044 0.20420806015771675 0.9325810585105214 0.9379487384588461 0.9391813633319548 0.9446000240553645 0.9492505522725878 0.9528748860350943 0.96164757244774 0.9630925641680732 0.9781254916893509 0.9841469538437569 0.9876000254077775 0.9946403842358648 1.0025043073873123 1.0109234280967625 1.013779375362553 1.0217452420796103 1.0442826618047791 1.049494494730391 1.0654891382469447 1.1053129114247235 1.130165320897877
18 3600 -0.18353319664071444 -0.04604010731523835 0.06282216431703092 0.19103709742110236 0.9325810585105214 0.9379487384588461 0.9391813633319548 0.9446000240553645 0.9492505522725878 0.9528748860350943 0.96164757244774 0.9630925641680732 0.9781254916893509 0.9841469538437569 0.9876000254077775 0.9946403842358648 1.0025043073873123 1.0109234280967625 1.013779375362553 1.0217452420796103 1.0442826618047791 1.049494494730391 1.0654891382469447 1.1053129114247235 1.130165320897877
19 3800 -0.1982546983651028 -0.04883383439265089 0.0682919401551452 0.1700775188576249 0.9325810585105214 0.9379487384588461 0.9391813633319548 0.9446000240553645 0.9492505522725878 0.9528748860350943 0.96164757244774 0.9630925641680732 0.9781254916893509 0.9841469538437569 0.9876000254077775 0.9946403842358648 1.0025043073873123 1.0109234280967625 1.013779375362553 1.0217452420796103 1.0442826618047791 1.049494494730391 1.0654891382469447 1.1053129114247235 1.130165320897877
20 4000 -0.21533758508248843 -0.05610599798841261 0.06559091678019534 0.17914720734605646 0.9325810585105214 0.9379487384588461 0.9391813633319548 0.9446000240553645 0.9492505522725878 0.9528748860350943 0.96164757244774 0.9630925641680732 0.9781254916893509 0.9841469538437569 0.9876000254077775 0.9946403842358648 1.0025043073873123 1.0109234280967625 1.013779375362553 1.0217452420796103 1.0442826618047791 1.049494494730391 1.0654891382469447 1.1053129114247235 1.130165320897877
21 4200 -0.21081307999883542 -0.05119380865371631 0.06891340277502177 0.17177927912246818 0.9325810585105214 0.9379487384588461 0.9391813633319548 0.9446000240553645 0.9492505522725878 0.9528748860350943 0.96164757244774 0.9630925641680732 0.9781254916893509 0.9841469538437569 0.9876000254077775 0.9946403842358648 1.0025043073873123 1.0109234280967625 1.013779375362553 1.0217452420796103 1.0442826618047791 1.049494494730391 1.0654891382469447 1.1053129114247235 1.130165320897877
22 4400 -0.18262623107178833 -0.04655199631077896 0.07256663368388294 0.20434535688652594 0.7258418662593358 0.7528476368155473 0.7647181887750966 0.7923982827881967 0.8352697595562324 0.8494933797674442 0.873257687732026 0.8842265548661375 0.8992943878890981 0.9269767310916379 0.9383303645336 0.9892124680646897 1.0353337809449048 1.0575994125572523 1.0666923144381257 1.111731293769029 1.1435429946592954 1.1837213984289727 1.217717473722884 1.2789615351410037 1.3458218947930027
23 4600 -0.19900247276298663 -0.043455707249228454 0.07374227783082939 0.21801529517174623 0.7258418662593358 0.7528476368155473 0.7647181887750966 0.7923982827881967 0.8352697595562324 0.8494933797674442 0.873257687732026 0.8842265548661375 0.8992943878890981 0.9269767310916379 0.9383303645336 0.9892124680646897 1.0353337809449048 1.0575994125572523 1.0666923144381257 1.111731293769029 1.1435429946592954 1.1837213984289727 1.217717473722884 1.2789615351410037 1.3458218947930027
24 4800 -0.21609133090418944 -0.051460818945880255 0.06638836870531828 0.22548541773636235 0.7258418662593358 0.7528476368155473 0.7647181887750966 0.7923982827881967 0.8352697595562324 0.8494933797674442 0.873257687732026 0.8842265548661375 0.8992943878890981 0.9269767310916379 0.9383303645336 0.9892124680646897 1.0353337809449048 1.0575994125572523 1.0666923144381257 1.111731293769029 1.1435429946592954 1.1837213984289727 1.217717473722884 1.2789615351410037 1.3458218947930027
25 5000 -0.21532509359895244 -0.04837060464216456 0.06638731937144257 0.22521722167443875 0.7258418662593358 0.7528476368155473 0.7647181887750966 0.7923982827881967 0.8352697595562324 0.8494933797674442 0.873257687732026 0.8842265548661375 0.8992943878890981 0.9269767310916379 0.9383303645336 0.9892124680646897 1.0353337809449048 1.0575994125572523 1.0666923144381257 1.111731293769029 1.1435429946592954 1.1837213984289727 1.217717473722884 1.2789615351410037 1.3458218947930027
26 5200 -0.19345298984799636 -0.0454738266985091 0.06975459940921469 0.2060749236096373 0.7258418662593358 0.7528476368155473 0.7647181887750966 0.7923982827881967 0.8352697595562324 0.8494933797674442 0.873257687732026 0.8842265548661375 0.8992943878890981 0.9269767310916379 0.9383303645336 0.9892124680646897 1.0353337809449048 1.0575994125572523 1.0666923144381257 1.111731293769029 1.1435429946592954 1.1837213984289727 1.217717473722884 1.2789615351410037 1.3458218947930027
27 5400 -0.19339850774615705 -0.051778889337827996 0.06351567471560751 0.20024833339065717 0.7258418662593358 0.7528476368155473 0.7647181887750966 0.7923982827881967 0.8352697595562324 0.8494933797674442 0.873257687732026 0.8842265548661375 0.8992943878890981 0.9269767310916379 0.9383303645336 0.9892124680646897 1.0353337809449048 1.0575994125572523 1.0666923144381257 1.111731293769029 1.1435429946592954 1.1837213984289727 1.217717473722884 1.2789615351410037 1.3458218947930027
28 5600 -0.20402777038490247 -0.05600864314636267 0.06034437782049266 0.1898788968709163 0.7258418662593358 0.7528476368155473 0.7647181887750966 0.7923982827881967 0.8352697595562324 0.8494933797674442 0.873257687732026 0.8842265548661375 0.8992943878890981 0.9269767310916379 0.9383303645336 0.9892124680646897 1.0353337809449048 1.0575994125572523 1.0666923144381257 1.111731293769029 1.1435429946592954 1.1837213984289727 1.217717473722884 1.2789615351410037 1.3458218947930027
29 5800 -0.23998189868652822 -0.05387515749563096 0.06954092980064232 0.24549165571803516 0.7258418662593358 0.7528476368155473 0.7647181887750966 0.7923982827881967 0.8352697595562324 0.8494933797674442 0.873257687732026 0.8842265548661375 0.8992943878890981 0.9269767310916379 0.9383303645336 0.9892124680646897 1.0353337809449048 1.0575994125572523 1.0666923144381257 1.111731293769029 1.1435429946592954 1.1837213984289727 1.217717473722884 1.2789615351410037 1.3458218947930027
30 6000 -0.21646736185587856 -0.05200063349155491 0.06993337139621522 0.22800126889644404 0.7258418662593358 0.7528476368155473 0.7647181887750966 0.7923982827881967 0.8352697595562324 0.8494933797674442 0.873257687732026 0.8842265548661375 0.8992943878890981 0.9269767310916379 0.9383303645336 0.9892124680646897 1.0353337809449048 1.0575994125572523 1.0666923144381257 1.111731293769029 1.1435429946592954 1.1837213984289727 1.217717473722884 1.2789615351410037 1.3458218947930027
30 6000 -0.21646736185587856 -0.05200063349155491 0.06993337139621522 0.22800126889644404 0.7258418662593358 0.7528476368155473 0.7647181887750966 0.7923982827881967 0.8352697595562324 0.8494933797674442 0.873257687732026 0.8842265548661375 0.8992943878890981 0.9269767310916379 0.9383303645336 0.9892124680646897 1.0353337809449048 1.0575994125572523 1.0666923144381257 1.111731293769029 1.1435429946592954 1.1837213984289727 1.217717473722884 1.2789615351410037 1.3458218947930027
