% # columns="iteration, evaluation, sigma, max axis length,  min axis length, all principal axes lengths  (sorted square roots of eigenvalues of C)", seed=127, Tue Nov 25 14:49:33 2025
1 200 0.29305367207641647 1.000047620181424 1.0 1.0 1.0000023809552154 1.0000047619160999 1.0000071428826531 1.0000095238548754 1.0000119048327667 1.000014285816327 1.0000166668055563 1.0000190478004547 1.000021428801022 1.0000238098072585 1.000026190819164 1.0000285718367385 1.0000309528599822 1.0000333338888951 1.0000357149234769 1.000038095963728 1.0000404770096483 1.0000428580612375 1.0000452391184962 1.000047620181424
2 400 0.3005468451180788 1.1387081408616853 0.929317052676212 0.929317052676212 0.9334673590241181 0.9358488172139241 0.9393560400932649 0.9412654329044223 0.95415563716189 0.9585351463100654 0.9641983676751936 0.9683807781027857 0.9842074851589676 0.9893031069812867 0.9916240850512742 1.0008639892881364 1.005124999383326 1.0121106022243824 1.0267571708948109 1.0364923553214418 1.0564273911783553 1.0741391407355965 1.1140804125126567 1.1387081408616853
3 600 0.34594717128632935 1.173006766804406 0.885161309753177 0.885161309753177 0.8928071618912012 0.901119685547433 0.9114768063433749 0.9178348236024035 0.9310292468058926 0.9374332948394386 0.9450035338718621 0.9570140747266399 0.9649649801844409 0.9743267829486935 0.9844515452823113 1.0044377038089591 1.0134035556399645 1.0282346128507753 1.0330253072149311 1.0390785883204339 1.0700316900195626 1.0796139616746925 1.1462893117988382 1.173006766804406
4 800 0.4401897766882184 1.2127701890940452 0.860119807015356 0.860119807015356 0.8672920617542977 0.8795615081440233 0.8900594274786142 0.9029990171921397 0.9041156039063308 0.9253864778216487 0.9299477846350425 0.9372251977555015 0.9548812929745479 0.9826608547401164 0.9905797051426639 1.0089141783950892 1.0129145565427224 1.0331803014231957 1.0477505801884557 1.066644474962872 1.0883914140732107 1.1172975871954323 1.1819408977014572 1.2127701890940452
5 1000 0.5915634119654647 1.3183778902012735 0.8260418651258908 0.8260418651258908 0.841232106252494 0.8510200803854575 0.8545285935997561 0.874643377642226 0.9007054589408628 0.9089542055672126 0.9122904059522791 0.9233081596251518 0.9468909156605486 0.965350419092372 0.9703424857500066 0.9800684061259056 1.0057591608984835 1.022209587029553 1.0373228003007846 1.081997869627607 1.0992239187606792 1.1330272897225815 1.1823776196998783 1.3183778902012735
6 1200 0.6827162118359933 1.3432902579448531 0.7994376130903129 0.7994376130903129 0.8052110555401524 0.8145130689035345 0.839608942974302 0.8632852964465585 0.8748772012667356 0.8864122440360936 0.9028487241029495 0.9092642857742147 0.9146618499288799 0.9439743512770721 0.9538401040438624 0.9843413038589692 1.0028968350982317 1.031185674283562 1.0355491423113652 1.0627355384590438 1.1244196595299145 1.1371659198535842 1.179609275419107 1.3432902579448531
7 1400 0.7663450627875582 1.2898476669458 0.7812679236201816 0.7812679236201816 0.7860185877816259 0.8035111646330835 0.8272831454419151 0.8465837868237952 0.8549936853572243 0.8756669501711974 0.879696210834817 0.896779188721257 0.9069981601730225 0.9374536092076662 0.9529347355066851 0.9584352138643711 0.9827934021542963 1.0106276153215357 1.0313154093668488 1.0408622149502158 1.104864370947917 1.1432617786259867 1.2004089985448958 1.2898476669458
8 1600 0.8308709312967436 1.3006243099408479 0.7522462683027854 0.7522462683027854 0.7675939143449003 0.786772405790244 0.7995081641983154 0.8133202667609174 0.8347269555312105 0.8556044807474095 0.8669394653213935 0.8768083229570968 0.8849322570460142 0.906428458889041 0.9278033403166769 0.9416032761372619 0.9622361346193326 0.99974139221222 1.0082500086330692 1.0334423443886245 1.0869712608556672 1.1285686737563918 1.1630225198543478 1.3006243099408479
9 1800 0.831013395886343 1.3193786300045471 0.7203288398357336 0.7203288398357336 0.7470829154872008 0.7679752725594976 0.7816130735009279 0.7873282360921577 0.8015065598783522 0.8264238365080133 0.8415597208995206 0.8572953022667189 0.8715921508326746 0.8776793698566723 0.9143003317716464 0.9411891923971191 0.954652183007124 0.9708099151221978 1.0075783715863718 1.0311061254040528 1.0394424092984982 1.1018553717627124 1.1595996539500382 1.3193786300045471
10 2000 0.8609991764811938 1.2980093363050518 0.7093611150100418 0.7093611150100418 0.7168239429980795 0.7474372197696147 0.7644444623423188 0.7841497538616464 0.7978364098866706 0.8112583405043732 0.8215387787838486 0.8336706017876246 0.8518411732223472 0.8737089514047413 0.8861141069648968 0.9084370707742109 0.9164206788612116 0.9400626278340719 0.9828243043255984 1.0230075726651575 1.0325251419548367 1.0841056014042978 1.140535876339138 1.2980093363050518
11 2200 0.8534490012241904 1.2703125027495417 0.6765635650900242 0.6765635650900242 0.6938343865193595 0.7421816053027134 0.7530076651403315 0.7626138298004711 0.7763571555000127 0.7910688185008083 0.800428860568627 0.8192691668151916 0.8359861830089873 0.8633110413372371 0.8696193051953018 0.8916547962626141 0.9300565460899677 0.9527714280644606 0.966226189613598 0.9990983838256884 1.026392849806639 1.058081078238235 1.1336540260508756 1.2703125027495417
12 2400 0.8229731653219723 1.2798486578154904 0.6596606427582532 0.6596606427582532 0.682205360535448 0.7066055338273984 0.7290135673477316 0.7405026537232829 0.7494289239681685 0.7728069130754973 0.7862595169903538 0.8074093555281586 0.8226514436020209 0.8409980599353722 0.8513618110872108 0.8699097310612467 0.9010797413705859 0.9381396202292565 0.9560996208859879 0.9906012117039611 1.0403906031255237 1.0689307946064728 1.1539138320404525 1.2798486578154904
13 2600 0.8004849036954689 1.2553912213347433 0.6421122050162047 0.6421122050162047 0.6704385931531536 0.6784749612753076 0.7009163295196038 0.7073351941620464 0.7341731813830991 0.7527097508879129 0.7613882716719905 0.8007010661552861 0.8075680989322427 0.826725337775659 0.8502596453744626 0.8563302930071692 0.8889723879582819 0.9182631727673508 0.9550947060783451 0.9734542267326762 1.0149752558982301 1.0338740639804374 1.1146738598162034 1.2553912213347433
14 2800 0.784889585862935 1.2548650115227482 0.6178529721413685 0.6178529721413685 0.6561021933469178 0.6639624092369404 0.6659684054845242 0.6848416059880801 0.7073686325284084 0.7288460925542448 0.7591771497311366 0.77841415690479 0.7918426588767566 0.8050657135492107 0.827359379572931 0.8390161720297379 0.8605645439605812 0.8908891869906886 0.9288493372584701 0.9593754963250264 0.9907900910736342 1.0142490120468108 1.1243363214441473 1.2548650115227482
15 3000 0.8106942958799865 1.2332238733876073 0.6043902277267609 0.6043902277267609 0.6310023675663287 0.6482053765677238 0.6524939379954598 0.6733497556607871 0.6812338165916058 0.7108666035473679 0.738869330423074 0.7664987177955661 0.7746510117615398 0.7794863207226299 0.8162672165400902 0.8300703484910079 0.8446690730827452 0.8924833143735355 0.9079982357032771 0.9455975019394115 0.9597391465268265 1.0068754532002064 1.1001737103813904 1.2332238733876073
16 3200 0.8505116698441105 1.2047348885919043 0.5850613428939746 0.5850613428939746 0.6063459340903684 0.6252004127380489 0.6405083799678432 0.6650823425934076 0.6795369573113128 0.6957667848588781 0.7325166977068692 0.7515121270266574 0.7565483951614352 0.770643809261929 0.7951382391894389 0.826624835809522 0.8354444996442192 0.889542903028766 0.9041474841854894 0.9411804755401579 0.960809297233849 0.9847780317086583 1.088562376858061 1.2047348885919043
17 3400 0.8190450500948835 1.166674994376521 0.5675246335341309 0.5675246335341309 0.5795557415705062 0.6208944695269306 0.6272128817308343 0.64106163586474 0.6672612422624015 0.6806525806817184 0.7144066948287892 0.7278258953350744 0.7443057619450594 0.7519314687604736 0.8010371065686209 0.8067162719732474 0.8462128309592447 0.8584349810886248 0.8909371667730486 0.9115306976387971 0.9484892316539675 0.9973282997843104 1.0950000469407728 1.166674994376521
18 3600 0.7822651823805166 1.1441486332456245 0.5562295823326908 0.5562295823326908 0.57031984630335 0.6098713590074358 0.6185985556670027 0.631076772290326 0.6448579577447722 0.6641596153502239 0.6929626898357252 0.6993192366339246 0.7369590296868496 0.739189366396672 0.7739992537314008 0.7838651811245326 0.8268312918819852 0.8301286615871724 0.8521398579902995 0.9028267339252797 0.9376382287158048 0.9915422971016541 1.093290125675433 1.1441486332456245
19 3800 0.7756667833639374 1.1307343891402084 0.5388653522468158 0.5388653522468158 0.5622889597522889 0.5929062858595517 0.5984099650506434 0.6038370301964365 0.6272380632642061 0.6420473347651338 0.6593835535734346 0.6787280883855431 0.7088949481407575 0.7265757332104659 0.7469191248220222 0.7717688660769924 0.8044502216863474 0.8194743405277255 0.8464313631800628 0.8570751818618559 0.9161859233196581 0.9873367583796305 1.0801327855809633 1.1307343891402084
20 4000 0.746881427715677 1.1163210848442011 0.5158831548771006 0.5158831548771006 0.5459322177437769 0.5684240079399201 0.574413239173378 0.5933174955362802 0.6057807274726156 0.6207088754702216 0.6274989678345457 0.6606967885666872 0.6957544329594739 0.7082963106444803 0.7309115874784106 0.7663199097665516 0.799788092618855 0.8165558904964968 0.8373171403903841 0.8694676915283871 0.8980527312650556 0.9621824578811087 1.067936396366306 1.1163210848442011
21 4200 0.7051328059426101 1.0989465676263366 0.4958079988996803 0.4958079988996803 0.5434037992859352 0.5539234960601179 0.5685779916677774 0.576340656624379 0.5856429331490816 0.6031590680718368 0.6151449471131866 0.6470392648878075 0.6838252343501131 0.6901949512571831 0.7140622898886709 0.7623231143965676 0.7904007153542224 0.7966547355101822 0.8519515674763908 0.8668736051858249 0.8909861839984807 0.9381480710463546 1.0493633564405804 1.0989465676263366
22 4400 0.6506183507318586 1.0715136168703936 0.4774340185938464 0.4774340185938464 0.5253146123666429 0.538407961869091 0.5561380322687702 0.57457931558254 0.5799494874220548 0.6005683015820656 0.6078667503618623 0.6480441181858446 0.6692666440431682 0.6711104031983138 0.6942767377726204 0.7563604476380446 0.7825222832537392 0.8038580331652887 0.8254392298348481 0.8551554266450812 0.8786382047313288 0.930346741874712 1.009817537584608 1.0715136168703936
23 4600 0.6379750777673052 1.0848057703732834 0.46046823055950165 0.46046823055950165 0.5083313187982615 0.513970971502567 0.5422160958043144 0.5638632607490438 0.5667143951747841 0.583536157202952 0.6066667537710914 0.6406703213341813 0.6464389989725574 0.6629076957997572 0.6821092677827614 0.7274046266728637 0.7651025697367941 0.7905393811523826 0.7935962367369759 0.8535174057413817 0.8704000958716442 0.9203315148066065 0.9855561261122262 1.0848057703732834
24 4800 0.6189264246177373 1.0731552601744396 0.4437219819299646 0.4437219819299646 0.4855040653920282 0.503264027165818 0.5324748509026084 0.5405885536087703 0.5646908709769111 0.5809026713184577 0.5940153941936309 0.621501490506709 0.625750714987808 0.6643308958273064 0.6846882085897023 0.7162461708883658 0.7397305592312959 0.770631162576659 0.7907418231679344 0.8605633473670183 0.8914833100796415 0.9007213444496032 0.9745466215096361 1.0731552601744396
25 5000 0.6095159378135391 1.0686830561544114 0.42862460979331346 0.42862460979331346 0.46843718782583205 0.48865482217893935 0.5182811605875254 0.5287808357115985 0.547839722782609 0.5695537999198335 0.5772007966579213 0.6178500767836131 0.637955094455443 0.6433558615368152 0.6692572957341592 0.7031143115723922 0.7211380147439882 0.7507064144723855 0.7817276414917549 0.8433835932642146 0.888587989396662 0.9231528834956879 0.9486459413763841 1.0686830561544114
26 5200 0.6310610497487806 1.06649328041337 0.4201088750330425 0.4201088750330425 0.4457401119927861 0.4707428861160335 0.4915654911217126 0.5244526844444943 0.5376503579997779 0.549594465993025 0.5578176926672813 0.6051278009154522 0.6216667208017402 0.631653987387128 0.6503167522475289 0.6744631758824751 0.695666878434506 0.73018580375031 0.7666665130696061 0.8135157494706017 0.8761104265659623 0.908507045180012 0.9149703722991493 1.06649328041337
27 5400 0.5949563324646602 1.0860713979971612 0.40541056646259827 0.40541056646259827 0.4362320105258593 0.4604086479563592 0.4806342357847983 0.5156358685171445 0.5202209443730084 0.5370494229999051 0.5535423841729404 0.5902406338015149 0.6122312583434648 0.6193218090667334 0.6482168641628601 0.6667041617551225 0.678697360805062 0.7334560387111514 0.7654654396836544 0.7989501455018413 0.834044539005878 0.8966453590854212 0.9102839981590677 1.0860713979971612
28 5600 0.5451535280258601 1.08053615945371 0.39127739352384194 0.39127739352384194 0.4214906739855106 0.45163424725932794 0.4701590061507433 0.5015918123497546 0.5122507357681463 0.5259770074837926 0.538814881734043 0.5685246159109839 0.5937148223275583 0.6125464979626051 0.6333490126576132 0.6444977780825595 0.6694758683458936 0.7291510233354697 0.7497109532561985 0.8075478794336244 0.817763639861939 0.8736283493035804 0.8896352262823125 1.08053615945371
29 5800 0.544559499443711 1.0680922375183728 0.3844649675796803 0.3844649675796803 0.4064907623304387 0.438410845778844 0.4649194744687537 0.4896868225424978 0.49515243700935213 0.5150799575497556 0.5340898465884587 0.5631580221530909 0.5717737973176371 0.5883826029942605 0.6203346626726167 0.6346762368063226 0.6528649428505295 0.7118562187646513 0.7407577165155718 0.7930510415363682 0.799898902407798 0.8480278128782995 0.892315896452088 1.0680922375183728
30 6000 0.5282827839648829 1.1083012287551637 0.3780232261674722 0.3780232261674722 0.3912201679788542 0.41766488973048793 0.4534980181989914 0.4675247807455781 0.4709609809880655 0.5092258047459615 0.5187745033962066 0.5506902962168483 0.5660793291397236 0.5892784927090398 0.6151621781047528 0.6240401280882145 0.652922985603654 0.7094646474695377 0.7270931921583206 0.7885542693588727 0.7960587793535143 0.8470688475646855 0.8920705199702537 1.1083012287551637
30 6000 0.5282827839648829 1.1083012287551637 0.3780232261674722 0.3780232261674722 0.3912201679788542 0.41766488973048793 0.4534980181989914 0.4675247807455781 0.4709609809880655 0.5092258047459615 0.5187745033962066 0.5506902962168483 0.5660793291397236 0.5892784927090398 0.6151621781047528 0.6240401280882145 0.652922985603654 0.7094646474695377 0.7270931921583206 0.7885542693588727 0.7960587793535143 0.8470688475646855 0.8920705199702537 1.1083012287551637
