% # columns="iteration, evaluation, sigma, axis ratio, bestever, best, median, worst objective function value, interquartile range, 25%tile, current best feasible f-value, further/more values", seed=127, Tue Nov 25 14:49:33 2025, <python>{}</python>
1 200 0.29305367207641647 1.000047620181424 65813.14989174542 6.5813149891745416e+04 93989.87796949214 110145.85707852169 12023.295153530125 87631.50188271525 nan   
2 400 0.3005468451180788 1.2253171698318424 65813.14989174542 6.9098633086119007e+04 91611.87627482461 111560.71403932467 12552.374988222276 85669.54730761058 nan   
3 600 0.34594717128632935 1.3251898313670005 65813.14989174542 7.1391870865315665e+04 92204.37906388227 119359.64572075468 11117.494169271435 85602.20777239418 nan   
4 800 0.4401897766882184 1.4100014663101386 64122.64228698447 6.4122642286984468e+04 88316.94474717989 110477.19143219767 14317.322580053908 81685.6586052755 nan   
5 1000 0.5915634119654647 1.5960182478164704 60043.627340343475 6.0043627340343475e+04 83562.90853476101 110209.41647057884 13373.807043783789 76869.43632377223 nan   
6 1200 0.6827162118359933 1.6802940416478764 54073.50959327162 5.4073509593271621e+04 80363.69503135991 104162.15871622393 14628.098106664795 72828.94027913574 nan   
7 1400 0.7663450627875582 1.6509671368165215 54073.50959327162 5.8382907898478639e+04 76890.30978425425 103130.10367489945 11748.119082846752 70493.71053805054 nan   
8 1600 0.8308709312967436 1.728987387169511 54073.50959327162 5.6071644220875780e+04 75122.99707661288 105667.95282366103 12078.748365126317 68921.45571729902 nan   
9 1800 0.831013395886343 1.831633772021988 48176.72004254283 4.8176720042542831e+04 74813.0092181017 98848.99774369519 11873.38119777257 68203.28908716264 nan   
10 2000 0.8609991764811938 1.8298287132452657 48176.72004254283 5.1225926538623244e+04 72525.13093317943 92798.00849865592 12032.06975578134 66699.28216780597 nan   
11 2200 0.8534490012241904 1.8775952006527465 48176.72004254283 5.0429218230658509e+04 72592.0609302072 98756.45532005338 10935.636632163048 67024.89404525323 nan   
12 2400 0.8229731653219723 1.9401622210839071 48176.72004254283 5.3843858615221026e+04 70891.0176468924 97903.23990230607 10519.780702978242 65072.59165808016 nan   
13 2600 0.8004849036954689 1.9550963391251248 48176.72004254283 5.2876682174454356e+04 68045.1950490183 92416.22845007083 9819.682356629608 63583.09150841774 nan   
14 2800 0.784889585862935 2.031009104275422 48176.72004254283 5.4303367365120539e+04 67151.76296424326 82690.55129211413 8996.044049580116 62659.314939727075 nan   
15 3000 0.8106942958799865 2.0404431058159602 48176.72004254283 5.1299497893224827e+04 65905.93897163289 84168.7640298493 8808.562770278746 61510.66239732376 nan   
16 3200 0.8505116698441105 2.0591599551471775 47024.04976639011 4.7024049766390111e+04 66544.29117475604 89461.3539997398 10160.27119260485 62164.03604589857 nan   
17 3400 0.8190450500948835 2.0557257349541236 47024.04976639011 4.8465954323923157e+04 65755.47030866277 83506.11450194016 8586.605386767711 61429.53601807912 nan   
18 3600 0.7822651823805166 2.0569719223622465 47024.04976639011 4.9324210989564788e+04 64122.15535591195 81793.33459266134 9198.454964495992 59759.84363856487 nan   
19 3800 0.7756667833639374 2.0983616490196972 47024.04976639011 4.9539223700709714e+04 63077.863055961585 84853.24641191495 9031.244740795708 58658.90445410514 nan   
20 4000 0.746881427715677 2.1639029580451092 47024.04976639011 4.8319844303733909e+04 62594.67450570331 82108.45534674953 7180.077177780346 59327.46033729626 nan   
21 4200 0.7051328059426101 2.21647607554773 47024.04976639011 4.9637622664015951e+04 61200.000147053455 77244.14377432615 7594.8665958495185 56968.20098991793 nan   
22 4400 0.6506183507318586 2.2443176965609806 44470.247866524354 4.4470247866524354e+04 60401.01338892238 80051.41074974737 7018.07751162057 56591.27276571548 nan   
23 4600 0.6379750777673052 2.3558753859200388 44470.247866524354 4.5484913095298427e+04 58383.53932467537 73772.2131867144 6430.871769057529 54682.01096545547 nan   
24 4800 0.6189264246177373 2.4185307554671076 44455.35097138615 4.4455350971386149e+04 57901.9965774526 71996.51789565074 6596.737978049699 54297.34169372071 nan   
25 5000 0.6095159378135391 2.4932844072339657 43592.055483923374 4.3592055483923374e+04 57377.64468354606 68437.52259109079 7966.930945480548 52849.631018604225 nan   
26 5200 0.6310610497487806 2.538611640445558 43592.055483923374 4.6575729062393868e+04 55502.02079668446 69475.37138684324 6736.507689817314 52022.157103901845 nan   
27 5400 0.5949563324646602 2.6789420104997643 43527.83781970609 4.3527837819706088e+04 55199.42366383175 69435.5924385361 6450.875777853536 51956.132571264054 nan   
28 5600 0.5451535280258601 2.761560410435184 43527.83781970609 4.4105667902999361e+04 54332.62862283884 66587.91503911429 7055.34184799948 50477.28842121499 nan   
29 5800 0.544559499443711 2.778126299106851 43527.83781970609 4.3749880894801056e+04 52379.853356701264 63278.134737197724 6514.825935759014 49533.30366415002 nan   
30 6000 0.5282827839648829 2.9318336864946044 43198.50019008886 4.3198500190088860e+04 52124.311776194896 66235.01016892806 5418.078891103636 49077.55345540676 nan   
