% # columns="iteration, evaluation, sigma, beta, void,  sigvec==sigma_vec.scaling factors from diagonal decoding", seed=127, Tue Nov 25 14:49:33 2025, <python>{}</python>
3 600 0.34594717128632935 1 0 0.9364208139462135 0.8586857820177977 0.9556567442138669 1.0 0.946442758745712 0.9681567561362763 0.9426466056871484 0.9769527382272765 1.0 0.9311303004540126 1.0 0.9766384359258192 0.9751356924886462 0.951966046705597 1.0 1.0 1.0 0.969842766896695 0.9586047045618781 0.9389158523333901 1.0
4 800 0.4401897766882184 1 0 0.7421254883574451 0.6638302093761964 0.75447629142286 0.8150950715601432 0.7496637055708787 0.7809668067659076 0.7550727816944377 0.777528220768904 0.8012200104577659 0.745011735580142 0.7851299562189495 0.7800894844481243 0.7489874227086809 0.7345149205282876 0.7914457297088129 0.8079144660038408 0.7779038229117347 0.7557343686290833 0.7673691395794136 0.7434471027243366 0.8335997999090625
5 1000 0.5915634119654647 1 0 0.5663132563232245 0.5063185905746951 0.5592915633062068 0.6206042042397786 0.5711226129324083 0.5949877888949903 0.5654241566387039 0.5855339576655147 0.6151296449977213 0.5334734568152657 0.5906465598856262 0.5701994123982953 0.5639778338131656 0.5470688282592088 0.5888711493882093 0.6212173179758214 0.5821736927499358 0.5467538671473684 0.58686107708028 0.5663598510753336 0.6231050101324206
6 1200 0.6827162118359933 1 0 0.5019814004057255 0.46083907481401876 0.5015719425439328 0.5443172614469712 0.5082207273943891 0.5023843478837725 0.4877628201632301 0.5136714283282743 0.5461254078414185 0.481700026181022 0.5067762319036562 0.5051051582356265 0.4799906008277505 0.4765341712569191 0.5116292755164067 0.5495573406951482 0.5150837767105593 0.4910014841402804 0.5204161168567886 0.48812456949124505 0.5423252447457971
7 1400 0.7663450627875582 1 0 0.45469692609774875 0.42818242818997343 0.46242471724142453 0.48866711274125896 0.4570937729409462 0.46436990450908777 0.4382515280300366 0.4579628056047804 0.4935263092252905 0.4397703400776453 0.44837544732469065 0.45202842963439105 0.4329295962749166 0.4323941715250128 0.4849194592144256 0.49276130618974334 0.45784280527379617 0.45983617943958655 0.4782262300198534 0.4451146386773965 0.490997144029151
8 1600 0.8308709312967436 1 0 0.4335097252102792 0.40537102982061396 0.44287101027946446 0.4626608421561935 0.4346195552032893 0.42835936499869 0.407204537097882 0.4182091369290166 0.47203435088353535 0.42058473909215793 0.40206908255799917 0.41704375092550927 0.40694062390143987 0.41555746849962577 0.45179221994393387 0.4596507028658658 0.4312213092126482 0.4273924720236829 0.4586627629368783 0.4171976814018239 0.4608963368882941
9 1800 0.831013395886343 1 0 0.4335097252102792 0.40537102982061396 0.44287101027946446 0.4626608421561935 0.4346195552032893 0.4182613926900405 0.407204537097882 0.4182091369290166 0.47203435088353535 0.42058473909215793 0.39839571984925154 0.41704375092550927 0.4034353321435908 0.41555746849962577 0.45179221994393387 0.4596507028658658 0.4312213092126482 0.4273924720236829 0.4586627629368783 0.4171976814018239 0.4608963368882941
10 2000 0.8609991764811938 1 0 0.4335097252102792 0.40537102982061396 0.44287101027946446 0.4626608421561935 0.4346195552032893 0.4071965782168889 0.40129707446996676 0.41683728334608133 0.47203435088353535 0.4112280744492144 0.3861054757760933 0.4151378690768912 0.3943552569087607 0.4149671355232314 0.4455868066780981 0.45903404859778196 0.4312213092126482 0.4273924720236829 0.4586627629368783 0.4171976814018239 0.4477179930359371
11 2200 0.8534490012241904 1 0 0.4335097252102792 0.40537102982061396 0.44287101027946446 0.4626608421561935 0.4346195552032893 0.3977392614872888 0.40129707446996676 0.41561321453184163 0.47203435088353535 0.4112280744492144 0.3805822785580602 0.4151378690768912 0.3943552569087607 0.4149671355232314 0.4455868066780981 0.45903404859778196 0.4312213092126482 0.4273924720236829 0.4586627629368783 0.4171976814018239 0.4365717013902963
12 2400 0.8229731653219723 1 0 0.4335097252102792 0.40537102982061396 0.44287101027946446 0.4626608421561935 0.4346195552032893 0.3977392614872888 0.40129707446996676 0.41561321453184163 0.47203435088353535 0.4112280744492144 0.3805822785580602 0.4151378690768912 0.3943552569087607 0.4149671355232314 0.4455868066780981 0.45903404859778196 0.4312213092126482 0.4273924720236829 0.4586627629368783 0.4171976814018239 0.4365717013902963
13 2600 0.8004849036954689 1 0 0.4335097252102792 0.40537102982061396 0.44287101027946446 0.4626608421561935 0.4346195552032893 0.3977392614872888 0.40129707446996676 0.41561321453184163 0.47203435088353535 0.4112280744492144 0.3805822785580602 0.4151378690768912 0.3943552569087607 0.4149671355232314 0.4455868066780981 0.45903404859778196 0.4312213092126482 0.4273924720236829 0.4586627629368783 0.4171976814018239 0.4365717013902963
14 2800 0.784889585862935 1 0 0.4335097252102792 0.40537102982061396 0.44287101027946446 0.4626608421561935 0.4346195552032893 0.3977392614872888 0.40129707446996676 0.41561321453184163 0.47203435088353535 0.4112280744492144 0.3805822785580602 0.4151378690768912 0.3943552569087607 0.4149671355232314 0.4455868066780981 0.45903404859778196 0.4312213092126482 0.4273924720236829 0.4586627629368783 0.4171976814018239 0.4365717013902963
15 3000 0.8106942958799865 1 0 0.4335097252102792 0.40537102982061396 0.44287101027946446 0.4626608421561935 0.4346195552032893 0.3977392614872888 0.40129707446996676 0.41561321453184163 0.47203435088353535 0.4112280744492144 0.3805822785580602 0.4151378690768912 0.3943552569087607 0.4149671355232314 0.4455868066780981 0.45903404859778196 0.4312213092126482 0.4273924720236829 0.4586627629368783 0.4171976814018239 0.4365717013902963
16 3200 0.8505116698441105 1 0 0.4335097252102792 0.40537102982061396 0.44287101027946446 0.4626608421561935 0.4346195552032893 0.3977392614872888 0.40129707446996676 0.41561321453184163 0.47203435088353535 0.4112280744492144 0.3805822785580602 0.4151378690768912 0.3943552569087607 0.4149671355232314 0.4455868066780981 0.45903404859778196 0.4312213092126482 0.4273924720236829 0.4586627629368783 0.4171976814018239 0.4365717013902963
17 3400 0.8190450500948835 1 0 0.4335097252102792 0.40537102982061396 0.44287101027946446 0.4626608421561935 0.4346195552032893 0.3977392614872888 0.40129707446996676 0.41561321453184163 0.47203435088353535 0.4112280744492144 0.3805822785580602 0.4151378690768912 0.3943552569087607 0.4149671355232314 0.4455868066780981 0.45903404859778196 0.4312213092126482 0.4273924720236829 0.4586627629368783 0.4171976814018239 0.4365717013902963
18 3600 0.7822651823805166 1 0 0.4335097252102792 0.40537102982061396 0.44287101027946446 0.4626608421561935 0.4346195552032893 0.3977392614872888 0.40129707446996676 0.41561321453184163 0.47203435088353535 0.4112280744492144 0.3805822785580602 0.4151378690768912 0.3943552569087607 0.4149671355232314 0.4455868066780981 0.45903404859778196 0.4312213092126482 0.4273924720236829 0.4586627629368783 0.4171976814018239 0.4365717013902963
19 3800 0.7756667833639374 1 0 0.4335097252102792 0.40537102982061396 0.44287101027946446 0.4626608421561935 0.4346195552032893 0.3977392614872888 0.40129707446996676 0.41561321453184163 0.47203435088353535 0.4112280744492144 0.3805822785580602 0.4151378690768912 0.3943552569087607 0.4149671355232314 0.4455868066780981 0.45903404859778196 0.4312213092126482 0.4273924720236829 0.4586627629368783 0.4171976814018239 0.4365717013902963
20 4000 0.746881427715677 1 0 0.4335097252102792 0.40537102982061396 0.44287101027946446 0.4626608421561935 0.4346195552032893 0.3977392614872888 0.40129707446996676 0.41561321453184163 0.47203435088353535 0.4112280744492144 0.3805822785580602 0.4151378690768912 0.3943552569087607 0.4149671355232314 0.4455868066780981 0.45903404859778196 0.4312213092126482 0.4273924720236829 0.4586627629368783 0.4171976814018239 0.4365717013902963
21 4200 0.7051328059426101 1 0 0.4335097252102792 0.40537102982061396 0.44287101027946446 0.4626608421561935 0.4346195552032893 0.3977392614872888 0.40129707446996676 0.41561321453184163 0.47203435088353535 0.4112280744492144 0.3805822785580602 0.4151378690768912 0.3943552569087607 0.4149671355232314 0.4455868066780981 0.45903404859778196 0.4312213092126482 0.4273924720236829 0.4586627629368783 0.4171976814018239 0.4365717013902963
22 4400 0.6506183507318586 1 0 0.4335097252102792 0.40537102982061396 0.44287101027946446 0.4626608421561935 0.4346195552032893 0.3977392614872888 0.40129707446996676 0.41561321453184163 0.47203435088353535 0.4112280744492144 0.3805822785580602 0.4151378690768912 0.3943552569087607 0.4149671355232314 0.4455868066780981 0.45903404859778196 0.4312213092126482 0.4273924720236829 0.4586627629368783 0.4171976814018239 0.4365717013902963
23 4600 0.6379750777673052 1 0 0.4335097252102792 0.40537102982061396 0.44287101027946446 0.4626608421561935 0.4346195552032893 0.3977392614872888 0.40129707446996676 0.41561321453184163 0.47203435088353535 0.4112280744492144 0.3805822785580602 0.4151378690768912 0.3943552569087607 0.4149671355232314 0.4455868066780981 0.45903404859778196 0.4312213092126482 0.4273924720236829 0.4586627629368783 0.4171976814018239 0.4365717013902963
24 4800 0.6189264246177373 1 0 0.4335097252102792 0.40537102982061396 0.44287101027946446 0.4626608421561935 0.4346195552032893 0.3977392614872888 0.40129707446996676 0.41561321453184163 0.47203435088353535 0.4112280744492144 0.3805822785580602 0.4151378690768912 0.3943552569087607 0.4149671355232314 0.4455868066780981 0.45903404859778196 0.4312213092126482 0.4273924720236829 0.4586627629368783 0.4171976814018239 0.4365717013902963
25 5000 0.6095159378135391 1 0 0.4335097252102792 0.40537102982061396 0.44287101027946446 0.4626608421561935 0.4346195552032893 0.3977392614872888 0.40129707446996676 0.41561321453184163 0.47203435088353535 0.4112280744492144 0.3805822785580602 0.4151378690768912 0.3943552569087607 0.4149671355232314 0.4455868066780981 0.45903404859778196 0.4312213092126482 0.4273924720236829 0.4586627629368783 0.4171976814018239 0.4365717013902963
26 5200 0.6310610497487806 1 0 0.4335097252102792 0.40537102982061396 0.44287101027946446 0.4626608421561935 0.4346195552032893 0.3977392614872888 0.40129707446996676 0.41561321453184163 0.47203435088353535 0.4112280744492144 0.3805822785580602 0.4151378690768912 0.3943552569087607 0.4149671355232314 0.4455868066780981 0.45903404859778196 0.4312213092126482 0.4273924720236829 0.4586627629368783 0.4171976814018239 0.4365717013902963
27 5400 0.5949563324646602 1 0 0.4335097252102792 0.40537102982061396 0.44287101027946446 0.4626608421561935 0.4346195552032893 0.3977392614872888 0.40129707446996676 0.41561321453184163 0.47203435088353535 0.4112280744492144 0.3805822785580602 0.4151378690768912 0.3943552569087607 0.4149671355232314 0.4455868066780981 0.45903404859778196 0.4312213092126482 0.4273924720236829 0.4586627629368783 0.4171976814018239 0.4365717013902963
28 5600 0.5451535280258601 1 0 0.4335097252102792 0.40537102982061396 0.44287101027946446 0.4626608421561935 0.4346195552032893 0.3977392614872888 0.40129707446996676 0.41561321453184163 0.47203435088353535 0.4112280744492144 0.3805822785580602 0.4151378690768912 0.3943552569087607 0.4149671355232314 0.4455868066780981 0.45903404859778196 0.4312213092126482 0.4273924720236829 0.4586627629368783 0.4171976814018239 0.4365717013902963
29 5800 0.544559499443711 1 0 0.4335097252102792 0.40537102982061396 0.44287101027946446 0.4626608421561935 0.4346195552032893 0.3977392614872888 0.40129707446996676 0.41561321453184163 0.47203435088353535 0.4112280744492144 0.3805822785580602 0.4151378690768912 0.3943552569087607 0.4149671355232314 0.4455868066780981 0.45903404859778196 0.4312213092126482 0.4273924720236829 0.4586627629368783 0.4171976814018239 0.4365717013902963
30 6000 0.5282827839648829 1 0 0.4335097252102792 0.40537102982061396 0.44287101027946446 0.4626608421561935 0.4346195552032893 0.3977392614872888 0.40129707446996676 0.41561321453184163 0.47203435088353535 0.4112280744492144 0.3805822785580602 0.4151378690768912 0.3943552569087607 0.4149671355232314 0.4455868066780981 0.45903404859778196 0.4312213092126482 0.4273924720236829 0.4586627629368783 0.4171976814018239 0.4365717013902963
30 6000 0.5282827839648829 1 0 0.4335097252102792 0.40537102982061396 0.44287101027946446 0.4626608421561935 0.4346195552032893 0.3977392614872888 0.40129707446996676 0.41561321453184163 0.47203435088353535 0.4112280744492144 0.3805822785580602 0.4151378690768912 0.3943552569087607 0.4149671355232314 0.4455868066780981 0.45903404859778196 0.4312213092126482 0.4273924720236829 0.4586627629368783 0.4171976814018239 0.4365717013902963
