% # columns="iteration, evaluation, sigma, void, void,  stds==sigma*sigma_vec.scaling*sqrt(diag(C))", seed=127, Tue Nov 25 14:49:33 2025, <python>{}</python>
1 200 0.29305367207641647 0 0 0.2994297044583781 0.3063680281743911 0.2952836703166659 0.2851032134948737 0.30020124618042404 0.2889547417172232 0.29596332637362477 0.2923257438680799 0.2887343777316875 0.29988547178626 0.28096728340054666 0.2901630882920985 0.29163581689981893 0.2971003656784509 0.2900585205991773 0.29255736996357434 0.28883280499969965 0.290215626876641 0.2974133647475755 0.2957935476132594 0.2827638285620906
2 400 0.3005468451180788 0 0 0.303254354734154 0.32706278950905854 0.3086703564003527 0.29035729498880514 0.30877939085876166 0.2968421601203362 0.30248349510664274 0.30107559425534214 0.2916701333815375 0.29934400546921064 0.2865854221999728 0.2922848373042027 0.2959009310979098 0.3029328627554185 0.28931863827919496 0.29800061517631116 0.29159961108630034 0.2946558236368692 0.3004168258059454 0.30029294735508905 0.2833060639895175
3 600 0.34594717128632935 0 0 0.3333333333333333 0.3333333333333333 0.33333333333333326 0.32816162850615505 0.33333333333333337 0.3333333333333333 0.3333333333333333 0.3333333333333333 0.32851467725176947 0.3333333333333333 0.33320063152965795 0.3333333333333333 0.33333333333333326 0.3333333333333333 0.3327618448889109 0.33051991606733905 0.33191389466832655 0.3333333333333333 0.3333333333333333 0.3333333333333333 0.3159878463575684
4 800 0.4401897766882184 0 0 0.3333333333333333 0.3333333333333333 0.33333333333333326 0.3333333333333333 0.3333333333333333 0.3333333333333333 0.33333333333333326 0.3333333333333333 0.3333333333333333 0.3333333333333333 0.3333333333333333 0.33333333333333326 0.33333333333333337 0.3333333333333333 0.33333333333333337 0.33333333333333326 0.3333333333333333 0.3333333333333333 0.3333333333333333 0.33333333333333337 0.3333333333333333
5 1000 0.5915634119654647 0 0 0.33333333333333337 0.33333333333333337 0.33333333333333337 0.3333333333333333 0.3333333333333333 0.33333333333333337 0.33333333333333337 0.3333333333333333 0.33333333333333326 0.3333333333333333 0.33333333333333337 0.3333333333333333 0.3333333333333333 0.3333333333333333 0.3333333333333333 0.3333333333333333 0.3333333333333333 0.3333333333333333 0.33333333333333326 0.3333333333333333 0.33333333333333326
6 1200 0.6827162118359933 0 0 0.3333333333333333 0.3333333333333332 0.33333333333333337 0.3333333333333333 0.33333333333333337 0.3333333333333333 0.3333333333333333 0.3333333333333333 0.33333333333333337 0.3333333333333333 0.3333333333333333 0.3333333333333333 0.33333333333333326 0.33333333333333326 0.3333333333333333 0.33333333333333337 0.33333333333333337 0.33333333333333337 0.3333333333333333 0.3333333333333333 0.33333333333333337
7 1400 0.7663450627875582 0 0 0.3333333333333333 0.3333333333333333 0.33333333333333326 0.3333333333333333 0.33333333333333326 0.3333333333333333 0.3333333333333333 0.3333333333333333 0.3333333333333333 0.33333333333333326 0.3333333333333333 0.3333333333333333 0.3333333333333333 0.3333333333333333 0.3333333333333333 0.3333333333333333 0.3333333333333333 0.3333333333333333 0.3333333333333333 0.3333333333333333 0.33333333333333326
8 1600 0.8308709312967436 0 0 0.3333333333333333 0.33333333333333337 0.3333333333333333 0.33333333333333326 0.3333333333333333 0.3333333333333333 0.33333333333333326 0.33333333333333337 0.33333333333333326 0.33333333333333337 0.33333333333333337 0.3333333333333333 0.33333333333333337 0.3333333333333333 0.3333333333333333 0.3333333333333333 0.3333333333333333 0.33333333333333337 0.3333333333333333 0.3333333333333333 0.3333333333333333
9 1800 0.831013395886343 0 0 0.3189694314105706 0.3182729791622108 0.32653549848012525 0.32520465391604725 0.3228167452297884 0.33333333333333337 0.32715047281200155 0.32689569527291135 0.32381115826106804 0.3307864701071194 0.3333333333333333 0.32335727780512463 0.3333333333333333 0.32525238775660004 0.3241245449901083 0.32551132931307214 0.31805273522846467 0.3232556998833003 0.3254104782356312 0.32592551325955593 0.33117315464873226
10 2000 0.8609991764811938 0 0 0.3143692685303572 0.3192022171756865 0.3275697786475026 0.3292629124141306 0.32369816633667936 0.3333333333333333 0.33333333333333337 0.3333333333333333 0.3258820895093342 0.3333333333333332 0.3333333333333333 0.3333333333333333 0.33333333333333337 0.33333333333333337 0.3333333333333333 0.3333333333333333 0.3301139813586949 0.32475166543099426 0.3238044294181728 0.3300412387535096 0.3333333333333333
11 2200 0.8534490012241904 0 0 0.3025762907294708 0.30237677483426656 0.31494211222960866 0.319189083045997 0.31327665895704465 0.3333333333333333 0.3307819911278942 0.33333333333333337 0.31877595500814243 0.3284166519711591 0.33333333333333326 0.33269193007620745 0.32602103606289196 0.3228016077446121 0.3227574563958879 0.32230870295657843 0.32000460352389115 0.3089924971320781 0.3020460596042949 0.320400870965994 0.33333333333333326
12 2400 0.8229731653219723 0 0 0.2878021334424306 0.2793048177760543 0.294499209483266 0.29884366518896305 0.29863978836633076 0.3239600463306088 0.31507964105756076 0.316896608865951 0.30084461918113564 0.3098826775938683 0.31242066600917795 0.3089722327264271 0.3091548980397048 0.2991431746839335 0.3122196384305909 0.3092247816989521 0.2933925685766469 0.2855687146680049 0.2789800241212433 0.3000031327532248 0.3221714626634533
13 2600 0.8004849036954689 0 0 0.26585094423755795 0.2570222441500882 0.2774298034684722 0.28581143973552847 0.2856376954338567 0.31332384791800033 0.3013488904664321 0.3055862228138483 0.2845841327707553 0.29847912241427227 0.3104430160799151 0.2918592903976578 0.2952627582849325 0.2796217159376348 0.2974516393148612 0.29773823914775366 0.2739407086346002 0.26679787616777145 0.25863805668634976 0.2905179994115674 0.31170922562616254
14 2800 0.784889585862935 0 0 0.2516689538618804 0.24332787985354176 0.26409152487875254 0.2727846429644522 0.27829108511749834 0.30038644201033227 0.29540213930332765 0.3033138258730927 0.2752733767733261 0.2976866257689027 0.293611166984722 0.27668001065833203 0.29199954807424183 0.2668248879936132 0.282667379680369 0.2860010533262386 0.2662956536658467 0.25269766575913377 0.2399605300599863 0.2702732828392074 0.30031172084158686
15 3000 0.8106942958799865 0 0 0.25191240041130847 0.24070987936661548 0.2625435323438716 0.2792273195084178 0.2809970723048915 0.3096101394417376 0.3007068812644761 0.31352101361689166 0.28766918749336423 0.29722754842403104 0.29390654484265705 0.2877720980192294 0.30909666691733145 0.26773418510517305 0.2874530039104114 0.29650379392042486 0.26433117690130103 0.2585606584686511 0.24147296399128929 0.2716674504716358 0.3078638179337172
16 3200 0.8505116698441105 0 0 0.2522579523791287 0.2429876349632682 0.2808514636849239 0.29377017477806305 0.2934573473129422 0.32186781102762657 0.30910841301903863 0.32639683135320047 0.2949196505972617 0.3063733011094362 0.3076903765733822 0.29879404938490617 0.32101428714013175 0.2788766128628967 0.2929466000541772 0.31048725086863793 0.2682631715057555 0.25994771305614633 0.24079329779995728 0.27647412493802087 0.3155734533752853
17 3400 0.8190450500948835 0 0 0.23326763125779937 0.22381308202377045 0.2740287077058062 0.27713223151193606 0.27106272867949943 0.3044990477669249 0.29154271478865146 0.3096669849644291 0.28094625707779514 0.2866507321341883 0.2923227987907986 0.2820057558244369 0.30091201325890593 0.2669882281665527 0.26965264757200647 0.31205553806278047 0.25281316416928223 0.23991898781949092 0.22592629744199197 0.25735477259054457 0.29645648022835014
18 3600 0.7822651823805166 0 0 0.2127340912932569 0.20987313006513109 0.2549498865242192 0.25643003766608324 0.24940319545242542 0.2907599067680795 0.27876845525041544 0.2886308844686155 0.26267394726307397 0.27034698363296944 0.2704300631626157 0.26141163167431386 0.28275488301526 0.2453991359931199 0.25113706917919143 0.29966118137513836 0.23118574734069253 0.22277009113094676 0.20833936892242128 0.23685018482830303 0.2735964524875762
19 3800 0.7756667833639374 0 0 0.20522319757918123 0.20343128406482258 0.2503251806025867 0.2503770599510833 0.24264574844556738 0.28354644013180036 0.2741394676912877 0.2803935753915939 0.2547764637110099 0.2623240391486224 0.2598690806303234 0.2528245543816503 0.28170781915287624 0.23777343677017143 0.24534454488258392 0.2954005912452967 0.22373836440379916 0.20927918167909346 0.19906902014463582 0.2332577667697197 0.2668957962836282
20 4000 0.746881427715677 0 0 0.18962059164644268 0.1936228572068258 0.2309891855634327 0.23938603658558458 0.2302519803454534 0.2691719621559893 0.26391293042322705 0.268186037397899 0.23872382513068977 0.24760637072652172 0.23935894943582534 0.23516221133575482 0.2678673343131367 0.2264463271467517 0.23215803816604144 0.28486884198669915 0.21650291837329072 0.19715974031795613 0.18653373031692252 0.22555040273293905 0.2550315069118546
21 4200 0.7051328059426101 0 0 0.17527196557588925 0.17608507889455477 0.2134831594204437 0.22023969540951488 0.20822741929786243 0.2497132536786846 0.2494414013343067 0.25308470139287087 0.22063133469973306 0.22809717045687644 0.21353048967354177 0.21671254220752142 0.24722032118477896 0.2107629677217483 0.2164266082441135 0.26777252448599254 0.205596165375269 0.18706566474723202 0.1728687951063018 0.21022175841530055 0.23722119958039378
22 4400 0.6506183507318586 0 0 0.15698826929684676 0.1552744864189742 0.19148998834120456 0.19731199586632325 0.1876431839088569 0.23545976472169353 0.2291275767610817 0.2290272741733568 0.19557706418187687 0.20790103850508412 0.1937182664007444 0.19577385836980166 0.22294073670353465 0.18953713449247417 0.19863578252158184 0.24098806085986776 0.18670818038958037 0.1675831700225767 0.15418679493072765 0.19345314413392728 0.2163416603359505
23 4600 0.6379750777673052 0 0 0.15136965941307529 0.15108016173346536 0.18493581839083303 0.1915035512267277 0.18257829926239832 0.23218246611562313 0.2291607402638073 0.22360568010600118 0.18590749075785082 0.19725209510898944 0.1851668013523686 0.18590701216197875 0.21388471823664537 0.18457036782337713 0.200445296610205 0.22890010784058096 0.18095835909443078 0.161294607332563 0.14592575371812294 0.18530783584390817 0.2082618430339969
24 4800 0.6189264246177373 0 0 0.14061717975964919 0.14465603921386935 0.1784523638536207 0.17913160472599612 0.1745612453433522 0.22686493756198683 0.22718762576139426 0.21195265654299283 0.17677575774561083 0.18402096993185263 0.18066708031596687 0.17393406305522643 0.19870511313543243 0.17342344506766663 0.19534518115320174 0.21768089236508056 0.17959313019324932 0.15013941046454776 0.13763636831343862 0.18205198295772246 0.19565170823977138
25 5000 0.6095159378135391 0 0 0.13348792623652458 0.1378609264891794 0.1697400870765299 0.17185488295847953 0.16652486241520556 0.2234876691818021 0.22146958860142274 0.20371898738389202 0.16888498454203876 0.17425150664229103 0.17391581235644554 0.16796295932940628 0.18878289472084378 0.16343902990687845 0.18946050944782014 0.2071594910082896 0.17689462871614067 0.142240608044649 0.12909421893190928 0.17837466188314993 0.1840344703251967
26 5200 0.6310610497487806 0 0 0.1359316996883073 0.13855224041825895 0.17069808728766334 0.17479127149363263 0.16928280328510312 0.23304420147246696 0.23699478579635622 0.2036827881470189 0.1715382944894605 0.17293338478447737 0.17854665086353858 0.17426249149788556 0.18883607715556666 0.1665545145236777 0.20044003958008896 0.20983162830507254 0.18069704110891815 0.14255426806340216 0.13146858539639156 0.1835542319387644 0.18293264481963978
27 5400 0.5949563324646602 0 0 0.125941900700068 0.124212126219213 0.15687884125854903 0.1611950638319277 0.1570782111216033 0.2204009358307313 0.2217846991288673 0.189399774194044 0.15575113033142987 0.15516713999598844 0.16370978422043206 0.16303571244010254 0.17700452259173277 0.15011569861520846 0.1906848372767418 0.19363404022798505 0.17061287524258226 0.12897434005508102 0.1188173113205046 0.17130714742321068 0.16620571233328224
28 5600 0.5451535280258601 0 0 0.11212297797882824 0.11215074187177437 0.14136200264121312 0.14530217110482882 0.140760520518958 0.203056410241933 0.20389957630841485 0.16753487333783082 0.1386129678612383 0.13800250031458838 0.14587335896499184 0.14437562025987277 0.15626237515814642 0.13331247254181663 0.17887745516210196 0.1750227347070543 0.1547287473341227 0.11347160785818095 0.10466888310391888 0.1520251284236164 0.14455558150114395
29 5800 0.544559499443711 0 0 0.10634086207277346 0.10716809537497128 0.1405626422203602 0.1468721380641694 0.13721173038499476 0.2046847549336099 0.21116616474149244 0.16328973716308598 0.13205048297489783 0.13569944772970363 0.1442180887017727 0.14342420829161853 0.15546166288193142 0.13089970450397187 0.1800272565375334 0.17064983653828217 0.15587286593295255 0.11193165195944231 0.10185190725797583 0.15214738455797705 0.14204317366574623
30 6000 0.5282827839648829 0 0 0.09879243080510751 0.10200997169021685 0.13545728496128637 0.14226699951534832 0.13197762137932273 0.19828302920735602 0.20358066382839315 0.15394946037246188 0.1256907223270834 0.1270492047547767 0.137698555206288 0.13649216573604422 0.14780203171560727 0.12463077126232529 0.17267164781819022 0.1593246857520702 0.15345714550176812 0.10483800822038793 0.09603496590862536 0.14424654996833142 0.1336662015737859
30 6000 0.5282827839648829 0 0 0.09879243080510751 0.10200997169021685 0.13545728496128637 0.14226699951534832 0.13197762137932273 0.19828302920735602 0.20358066382839315 0.15394946037246188 0.1256907223270834 0.1270492047547767 0.137698555206288 0.13649216573604422 0.14780203171560727 0.12463077126232529 0.17267164781819022 0.1593246857520702 0.15345714550176812 0.10483800822038793 0.09603496590862536 0.14424654996833142 0.1336662015737859
