% # columns="iteration, evaluation, void, void, void, xmean", seed=127, Tue Nov 25 14:49:33 2025, <python>{}</python> # scaling_of_variables: 1, typical_x: 0
1 200 0 0 0 0.41423635711553003 0.44412997671598115 0.48572069273315377 0.5230647508341545 0.4915198411366441 0.48063455399417615 0.5034749109444797 0.5074458090138468 0.46153035252955316 0.5588980418923423 0.5180202450113097 0.520159773579672 0.4880584487379605 0.5502807646017921 0.5597096958117241 0.5629346916137463 0.5721869743460883 0.5515577945433395 0.5332979931980065 0.49229706266530776 0.48086600266167434
2 400 0 0 0 0.41283590383560104 0.37194705841584325 0.48940215493787365 0.5076183179188525 0.42799481737194256 0.41014249182918094 0.42780348619637104 0.5164321222898962 0.5363634302212061 0.5389616008785569 0.5636009738275606 0.5085704746858014 0.45528714518135155 0.5402202589033771 0.5768290751275006 0.5176087405489028 0.5911580404185549 0.533402703490868 0.5669155150704704 0.5511699449358753 0.4827770982004934
3 600 0 0 0 0.3427144250491529 0.31586004865726236 0.39499143322761876 0.49008542247603687 0.38339372931362725 0.3168721551289377 0.3823432682674256 0.47626204620326024 0.5083362552937988 0.5437490240491525 0.5443833872752148 0.5188924861588388 0.3903708634455891 0.5230250042705258 0.7161848241762591 0.5283823869517051 0.6883561794233651 0.6149375522990924 0.6302265728594119 0.6067242757712017 0.4952928395249054
4 800 0 0 0 0.20546183772908794 0.23144739196579836 0.37332013541570447 0.4740939026575609 0.278694237208202 0.26659504447417054 0.34324726574317793 0.4831115200056146 0.4910988171147824 0.5149620696996586 0.568429593334423 0.571694920972216 0.3173920250217972 0.5947253350818578 0.8509116724439146 0.5937612576177145 0.8314176905771665 0.7466517966723649 0.7690125775354226 0.6947855509157254 0.43480627896473156
5 1000 0 0 0 0.10514896590427185 0.16434943628549575 0.20453490234778166 0.4297965186008814 0.16171351766272204 0.22897900894419898 0.3062586324199523 0.4713003660582013 0.44650301184854724 0.5267331620141975 0.5637480805538703 0.483073793330968 0.2600772624651565 0.6371072457659609 0.9982269486137545 0.6269359941242642 0.9538791347653756 0.9569630439645636 0.8881081990378813 0.8004616760501276 0.47638346404812854
6 1200 0 0 0 0.023825552272720513 0.11919130398875358 0.15745662283098918 0.33461692348131256 0.08757697445702115 0.14178913939268448 0.2701731225468385 0.47138241485245763 0.4217128511255619 0.5545697979394424 0.5352473179240509 0.5263754312600596 0.2325548127289273 0.7329932714979088 1.0095114933400124 0.6524588101337568 0.9816728951767886 1.0170454686609576 0.9908150811776263 0.8726716357405822 0.5050815523750164
7 1400 0 0 0 -0.07870329031481119 0.05770642368113277 0.11496271868267303 0.29059546890205534 0.010845449488432888 0.048378265506478835 0.16329681387499706 0.4349504862443356 0.4235047697417412 0.542905356187373 0.5822112625341763 0.5784554179559301 0.230445927786727 0.7486433236816714 1.039558048088989 0.6532327442549252 1.0900759120312484 1.100081169644816 1.0319325787519023 0.9504525888520082 0.5384245479871342
8 1600 0 0 0 -0.05356370894100736 -0.006494936747266189 0.08096610619926244 0.24642863114430916 0.032839684818774556 -0.04227500730531849 0.08760887499687839 0.3677032522645585 0.3983690093996281 0.6064411961486899 0.6311809925258357 0.5772558023360868 0.24979866782928484 0.8290334984739031 1.0834452664960987 0.725736789803021 1.08740424616682 1.1565255414753015 1.0733635056403832 0.9568030334302507 0.5914520600379806
9 1800 0 0 0 -0.0012495994986999495 -0.010693063537647969 0.04042213784472446 0.17211748079030312 0.027092426259857753 -0.08713580809872884 0.08797877487447364 0.3733024076367131 0.41694472957517603 0.5693641481451278 0.6740540321628855 0.6012430961312244 0.23966934345343316 0.8562025366589253 1.1041103578566336 0.6982433531996609 1.1402920895415045 1.1448227106802895 1.1080075353945802 0.9794863835774736 0.665777784955438
10 2000 0 0 0 -0.006539683541800398 -0.04900623942028401 0.0924882277941651 0.07323903895542747 0.014191137468879601 -0.12666548265059283 0.11182401966321778 0.3554925755642558 0.36444859980965405 0.5582257858658608 0.6188773611055793 0.5585100294524074 0.21019341922468945 0.8570231235168344 1.1099070044193113 0.649898743080251 1.1789151219642682 1.1231179601503325 1.0550956637083417 0.9645201033633088 0.7889129342667913
11 2200 0 0 0 -0.02797657141395239 -0.02701471768091424 0.03452589968753225 0.03730652896115094 0.021076933934913698 -0.195352951021865 0.03797746334758109 0.37607543016464984 0.37964833410927734 0.5017730878670625 0.671245414420739 0.5818860908888681 0.19694717805432754 0.9389098452926568 1.0814777929356203 0.6902153276825889 1.1663641855871465 1.1840313196867347 1.0507942202889153 0.9713028032725385 0.8334710620246549
12 2400 0 0 0 -0.0011006741022496934 -0.05285441272973412 0.06133964248695791 0.038403336028821136 0.016543142765377307 -0.2443450228708577 0.025170908808483935 0.29968289872424486 0.42243173307648785 0.5133742889353312 0.6903968345883651 0.5333452072881247 0.16067672025045845 0.9257626300098896 1.0749048257326186 0.7069574527774133 1.1229338103803446 1.1382866158710314 1.052553196680911 0.9970825569945129 0.9127132814824335
13 2600 0 0 0 0.025516689546752833 -0.021580186181256546 0.05655965313514161 0.029837233489172218 0.014053386377725019 -0.2487911180832323 -0.012032369647826667 0.2295855377199472 0.4327962568467273 0.5378289924379462 0.6356556801250236 0.5397633218614462 0.1069836839699007 0.94991577713779 1.0909960695501315 0.7376189169083873 1.1183733971061278 1.1505928622008734 1.0474132913064462 1.0566542076275731 0.901401736652178
14 2800 0 0 0 -0.0008753769146972988 -0.06565056427495691 0.0577065082888107 0.046755993778559886 -0.04823944735712481 -0.275176072400909 -0.02301630878668253 0.17128330030392977 0.3743845962002047 0.5579502630866539 0.610699487233822 0.5093983726640451 0.09166728255812871 0.9821241225847507 1.0633642103100007 0.7739173641584911 1.150652634724719 1.1236426168587246 1.0872211032276522 1.0267424332102841 0.9135924541498901
15 3000 0 0 0 0.009535547029361166 -0.030168339616836348 0.020210370908951798 -0.028691877374976138 -0.0363903538722906 -0.24525673431837386 -0.04584540428497374 0.14251291305383323 0.3046794819576307 0.5406456814552608 0.5842544080238636 0.4604945914764948 0.1715720111483538 0.9629470065830782 1.1067490164466165 0.8311000569802007 1.1389554995728466 1.1054465097062904 1.1166168657031625 1.0583666917848542 0.8475207182218193
16 3200 0 0 0 0.007984986540565373 -0.01401606305725207 -0.036757811786834134 -0.07388545446145706 -0.030322660143790214 -0.1652438804144931 -0.07639873839179084 0.17302905663781504 0.2647767379669389 0.49129202051418375 0.5778190635018305 0.54925657273045 0.2142688562018235 1.030131861667069 1.0731855903882073 0.835348732651857 1.1765041752102892 1.083685488646213 1.1001808712318983 1.051459556432059 0.8609757211172873
17 3400 0 0 0 -0.03877624594275488 -0.021211971920870112 -0.050609037705497066 -0.030590847629895376 -0.025860722957022363 -0.19144347123563052 -0.053056012184283054 0.208809088762851 0.3134860679457324 0.4910363089008847 0.5877504236868617 0.5871566369931603 0.2108071294597539 1.0366370591196066 1.0581683646415998 0.8333037173639174 1.0959035230824707 1.0816224282765576 1.0608264301142665 0.9925576597044509 0.8413946043588024
18 3600 0 0 0 -0.031471655308650745 -0.016412973911190214 -0.047423641596318976 -0.029502413328606668 -0.05902842729714383 -0.14433662053023313 -0.043704482777327205 0.1445404252715807 0.29111790571187146 0.5218655092141052 0.567227246610144 0.6129181341973171 0.2670805812824282 1.079605408654723 1.0578685235607572 0.7723676225496666 1.1044875555717892 1.0676206257222103 1.0887692202140715 1.0270853286495105 0.8299959345932347
19 3800 0 0 0 -0.03964146362573284 -0.0646906749736134 -0.05818607709996515 -0.024207556239166737 -0.0827442635593893 -0.1655119612072941 -0.06184982099848831 0.12396064036667795 0.36593277096947074 0.5211567704898596 0.6155897131356527 0.6515905200129203 0.31307494964066923 1.1007277872052093 1.0479271397326986 0.7492682912841161 1.0894143300710928 1.0344395099816976 1.0523886721899955 1.0409606316757642 0.7974411672574686
20 4000 0 0 0 -0.05975631664447668 -0.07224028422845272 -0.060312256821130845 -0.056803477252708054 -0.08035383039613173 -0.14243664076737328 -0.01589955869275781 0.13897669162101903 0.40562810898581114 0.5020571738071826 0.5736408172383025 0.615631352847822 0.3485151145010966 1.1286706864408387 1.0205265937973151 0.7658070289428013 1.0793138071722075 1.0244327480183095 1.0842775568050387 1.0608871872695962 0.7612136427613099
21 4200 0 0 0 -0.06704270645985426 -0.0730560117094861 -0.03434900837372867 -0.05489667158842029 -0.07638062572703293 -0.13583258819251617 0.0030738091606577096 0.19020274613537136 0.42944582673736914 0.5357502801988114 0.5366807032159454 0.5810765721635057 0.35038185608289457 1.1027695338312242 1.035485708432704 0.7455880910856721 1.0484355159049745 1.0349756993845673 1.0945053050541422 1.0731507459078677 0.7331408524576362
22 4400 0 0 0 -0.05518207188844577 -0.05342895952476897 -0.058434600784403254 -0.03439008782096701 -0.052409228523487776 -0.16453810846441633 -0.04466577741085986 0.18917280974423148 0.41033840053753 0.48394051917697684 0.5377815900243385 0.5611410565779812 0.32152746383151287 1.0903162818433794 1.0279987663894532 0.7282515128922419 1.0468882936555506 1.0314423833796322 1.067438425827899 1.0842083052788802 0.7094352231839174
23 4600 0 0 0 -0.03240956798622484 -0.08574384520553754 -0.06675840535617755 0.002094509044850549 -0.0834574230833284 -0.16198836176118173 -0.053714554384102185 0.20916444126706782 0.4306808817240747 0.4900044149067269 0.4923362482810213 0.5551597231877125 0.35929946373358895 1.1032965663619683 0.9848126038915345 0.7019588397833061 1.0313316297976158 1.0016902476232907 1.0385610790050903 1.0969763996832222 0.6800409273276046
24 4800 0 0 0 -0.02930442342924572 -0.05091861749941028 -0.07866359350025603 0.001730149663407964 -0.04483892179923297 -0.13314549670818687 -0.040161011148043844 0.2544612267645483 0.4353564395710843 0.4748932052789452 0.4356808977720399 0.5380819579920816 0.36205899120725726 1.0853722550047689 0.960479812230709 0.6898888745038568 1.020944874401282 1.0057679481725375 1.0252725550999877 1.1011404335261001 0.6461184824125712
25 5000 0 0 0 -0.0651615806658539 -0.04783031551101683 -0.04357812735493322 -0.014379172552536517 -0.039453949575404886 -0.12301768952594097 -0.02610207448371389 0.20010707117114884 0.42011637873324803 0.4786778622160738 0.4801911373959503 0.5188677950063879 0.3520673984863273 1.084669371784147 0.9616698392331137 0.6635303816621071 1.008919183847797 1.0228139467643105 1.0354691469309738 1.1491176802847896 0.6735276921667369
26 5200 0 0 0 -0.048217103692647534 -0.06874817275109829 -0.026465643047591976 -0.0316649493310124 -0.03352047166525998 -0.1332903263305515 0.01359198186519526 0.24500192925160816 0.4271137343092176 0.48665225926222894 0.5185213832461107 0.5545290332777546 0.35628231519099524 1.109325923443821 0.9547853386275819 0.7101343501734361 1.051402675461514 1.076662014385198 1.061510942845487 1.1828431108074544 0.6751710012351877
27 5400 0 0 0 -0.052359197321469014 -0.061497297540085816 -0.028892608243891477 -0.0362402083920918 -0.04667370211527122 -0.12042716739535292 -0.021244244486580292 0.26089775168942736 0.42678225195953534 0.49264830863263404 0.4725364638877805 0.5198173000380205 0.30976896813487625 1.1199770013139247 0.9632280250261245 0.6603023606468695 1.0643320555903486 1.0704893266243825 1.0415268024339919 1.1490008503243063 0.6936955875366179
28 5600 0 0 0 -0.03982617962334206 -0.06751453298925626 -0.019840900635520332 -0.0374948817655562 -0.02612871919833303 -0.15346317923684646 -0.03548867761118752 0.2852133020963625 0.43231437208961676 0.4807541182599516 0.4740636311128142 0.5330765722536059 0.3062184897629685 1.1313571798916813 0.9637267540885138 0.6387434791919894 1.0759614788900853 1.07489048457073 1.0344355872557696 1.1507467218254712 0.6721916509140246
29 5800 0 0 0 -0.028070060367679568 -0.07191131368307886 -0.04102197566860616 0.010004188630834602 -0.029934587348434218 -0.16590025699430067 -0.05489606699111641 0.31648295243934654 0.44164070405126804 0.4691065180410137 0.4685236088189029 0.567795625099018 0.2902550010418171 1.1100608680412463 0.9544224583010591 0.6431868748884475 1.063431470282744 1.0500412226760296 1.0268234350914835 1.1241163001370689 0.6628285126911234
30 6000 0 0 0 -0.028425312026007107 -0.05359693270726976 -0.037828813032579456 -0.013741741345560096 -0.02626749675019594 -0.16595932630058483 -0.03344410949214142 0.3459948689343677 0.4599439800683265 0.4653805160628582 0.4622426442440079 0.5620313732004629 0.25747403067133773 1.0920608921710717 0.9646087731220292 0.6440391024358826 1.0703049225811425 1.0379459661279522 1.0371375272902166 1.1478288036345634 0.6442808094571267
30 6000 0 0 0 -0.028425312026007107 -0.05359693270726976 -0.037828813032579456 -0.013741741345560096 -0.02626749675019594 -0.16595932630058483 -0.03344410949214142 0.3459948689343677 0.4599439800683265 0.4653805160628582 0.4622426442440079 0.5620313732004629 0.25747403067133773 1.0920608921710717 0.9646087731220292 0.6440391024358826 1.0703049225811425 1.0379459661279522 1.0371375272902166 1.1478288036345634 0.6442808094571267
