% # columns="iter, evals, sigma, 0, fitness, xbest" seed=127, Tue Nov 25 14:49:33 2025, <python>{}</python>
1 200 0.29305367207641647 0 65813.14989174542 0.11757651725290214 0.1298662983632522 0.023537947374277543 0.7490925266186834 0.5758326123696784 0.7110910862430291 0.3134651271883694 0.7800472055260035 0.3024270656957581 0.6160590014617966 0.5869226299544523 0.7722288479166282 0.26221255290562673 0.9889087309471841 0.4944208784342107 0.5558908119395769 0.5514303694839628 0.9744010341220259 0.4232084361594477 0.42290230727335576 0.4775782223084341
2 400 0.3005468451180788 0 69098.633086119 0.367591662184086 0.3742631511830219 0.6202830327426894 0.3618228506423764 0.23096527937784012 8.30965088881027e-06 0.008364526918982606 0.6064176755667842 0.5596186724176522 0.2453831491608141 0.5318733386744701 0.3976849620387419 0.5201372278919278 0.9232779263070547 0.535778887675377 0.21972780636461603 0.4752591727856681 0.44949419004825125 0.760238952467504 0.43357984527574467 0.7556034741488636
3 600 0.34594717128632935 0 71391.87086531566 5.4549716221145545e-05 0.5798642638114664 0.21540952579044437 0.20195851111179092 0.5485488070376621 0.001303728155286386 0.5560757117810824 0.9299107013960456 0.3159167360947092 0.5259372511375793 0.5645488725221735 0.8005953024674388 0.7001595141762429 0.13144539179157383 0.969796115524505 0.4688593501945383 0.9567445539317531 0.9850772907214441 0.8803359819401291 0.8951736371062033 0.25232416568279914
4 800 0.4401897766882184 0 64122.64228698447 0.015765735918160214 0.02773292376458289 0.03750406028260083 0.5405707436767792 0.2623319285118652 0.5916196975543965 0.1206384231282614 0.08211662972224038 0.3146112229583161 0.9550589112839022 0.5961878576000688 0.9983816145366678 0.040607110415540236 0.04379235381000744 0.8582393407243757 0.9986919049424103 0.9676381809135032 0.9988668978558414 0.9597888362671356 0.6965489259917901 0.7863992129896858
5 1000 0.5915634119654647 0 60043.627340343475 0.041432889813906595 0.6722498511024729 0.0019770619528130477 0.1704712649625839 0.34196675913331703 0.32892172006727993 0.3427118121893405 0.688234543307775 0.1810364931020091 0.8004345565358981 0.25228751869334365 0.7307703406741836 0.6616190972759262 0.7718871546270298 0.9997320281962839 0.7486948570517605 0.8155480435197356 0.7685709525635838 0.8611895217557197 0.871125998161653 0.7330227964566197
6 1200 0.6827162118359933 0 54073.50959327162 0.007641807806033688 0.06126835100047914 0.09763059942211823 0.3640489838989771 0.40373310037381827 0.4147123650204317 0.9108636720945865 0.860157778713991 0.02522057719722726 0.9315809029286654 0.8569943729001186 0.5788308666106605 0.5486505763044779 0.9976690395150601 0.8356309410447176 0.8265289734528728 0.8286799604173062 0.8310631891459739 0.9651337987326729 0.6594672030956461 0.5811712551942892
7 1400 0.7663450627875582 0 58382.90789847864 0.013172708203329263 0.018204786385010923 0.007347887142141558 0.3485878759820393 0.13737291273418448 0.13102677795697062 0.09576624535281925 0.9335451686974792 0.35766051433113205 0.7007364903000013 0.7746771675563364 0.7239351624541734 0.396516145140527 0.821569779696448 0.9116743437607359 0.9406513010998809 0.5176939757806795 0.9973009798541677 0.9674933291615351 0.7435632091946225 0.7587802562703895
8 1600 0.8308709312967436 0 56071.64422087578 0.1891327552818278 0.11430987763698888 0.029700967222680962 0.3214743560177329 0.23401566864457696 0.15745284172797694 0.13550966344716767 0.32106572331577143 0.34566723615881717 0.5546428134501156 0.42680057336884003 0.3854782682000354 0.40484871780330917 0.5174219791475543 0.71505854997613 0.3736786552890227 0.7139760184255548 0.7946109044384525 0.8225305851653225 0.514630687828594 0.2524716691899003
9 1800 0.831013395886343 0 48176.72004254283 0.014156254063801369 0.02968054520483982 0.14099312708727135 0.16882543437572078 0.26678169239892036 0.3827717176983895 0.151372818714739 0.3998655955991619 0.3973907542161792 0.927848602533221 0.8094925420231115 0.8294397586568585 0.29532276010987313 0.6652117486455802 0.9812420515648589 0.40207605804548924 0.8591719853114684 0.5851765726420486 0.5237870439270149 0.7309187688047019 0.9690889386135055
10 2000 0.8609991764811938 0 51225.926538623244 0.07209423368627116 0.03839311340766848 0.4522465237702929 0.12923296052668412 0.16446934476017053 0.1832430587859758 0.41932682415491707 0.41830460246727813 0.5110634762564091 0.9426775691461905 0.9750059524577712 0.9025237932625687 0.21229657511881705 0.694887947510648 0.7678264473290621 0.5115454058065464 0.7004275307836039 0.5967566951769111 0.7746547732464737 0.8251375249646739 0.5193008948614872
11 2200 0.8534490012241904 0 50429.21823065851 0.010343122059941817 0.02749499207960524 0.18321916047876824 0.03319506680546283 0.16069487352835612 0.1380023632731398 0.20339100453057413 0.21411748960379545 0.5993234807570429 0.39464920378409263 0.9755047339145664 0.22001454570249068 0.14350526737860164 0.8041917992848457 0.7601246149345934 0.6843965589623584 0.6973763111730901 0.9999817028558069 0.9518228735716984 0.718694853565199 0.5835261461759239
12 2400 0.8229731653219723 0 53843.85861522103 0.1206071068839564 0.0495620767359894 0.21599536340114384 0.22491419468890664 0.0027081969765040646 0.2901230478433096 0.295038254846551 0.17509128359193163 0.5043264203779889 0.6207142887859864 0.33497919098781753 0.4530779434282186 0.0020787466131486766 0.6928252792953997 0.6870478220616262 0.6646706530213141 0.9922680273731116 0.9133700160009952 0.9863369775806119 0.9988905870618319 0.497508800141032
13 2600 0.8004849036954689 0 52876.682174454356 0.026420585234595045 0.03138320586879529 0.2481761108860807 0.22420471713558682 0.0033878997742725616 0.4031572178150741 0.12411763917178828 0.2826480681739581 0.9720735259711072 0.6173968793562228 0.8308646625575183 0.8306676480328956 0.32606253673850016 0.9039928023635111 0.9339007397931234 0.9640809537078227 0.9850338439236068 0.8430515535064141 0.8833964288813552 0.9768029982375604 0.49476867163540367
14 2800 0.784889585862935 0 54303.36736512054 0.30543197458139865 0.07469004006334601 0.0003366347599690497 0.28202190445309333 0.1786817219892018 0.24013770257116418 0.05689517559958898 0.3017735608567692 0.021777831675412824 0.4188808399924612 0.6967708387829454 0.46813688341595094 0.2614279022160791 0.9956739448871389 0.9349060860839955 0.7018115615118963 0.9214514337796103 0.988098968346272 0.9856114906140814 0.89546830406047 0.7091974747167589
15 3000 0.8106942958799865 0 51299.49789322483 0.12763269606768204 0.08660046079071151 0.05495163528653841 0.15083194086898616 0.24626067482648878 0.11664865445052613 0.028133515713130008 0.01922168070966352 0.00017903273866964344 0.640354323998889 0.6822201405220494 0.6832772788198097 0.6027087887898014 0.9025315102539093 0.9794887779988812 0.9705342696248311 0.9517313263975692 0.9814141271354933 0.8431977389180643 0.939673925185214 0.9542971092120316
16 3200 0.8505116698441105 0 47024.04976639011 0.042436647461176695 0.006066261379899759 0.017601085432522926 0.228165904319998 0.14343160925685927 0.21273919698844745 0.18208974098771008 0.30962142071363097 0.4568515924688309 0.2023815522293526 0.45096668365239323 0.4321329075402899 0.2800519490744009 0.7505497341431248 0.7502360286646662 0.5507654738924501 0.9991073907152281 0.8816720827660433 0.8638608703333001 0.6831872848659584 0.6182641012365957
17 3400 0.8190450500948835 0 48465.95432392316 0.0036079014193642397 0.00013594385313654573 0.09498280315490554 0.04450329260937856 0.0010405643738427266 0.13587935151428565 0.3804381675294512 0.49215965182698984 0.28198139740435924 0.742833142615771 0.6557192442837659 0.6346579916227953 0.3659598433327791 0.8693308170563879 0.8808656603482662 0.3575078505032717 0.9790567334834612 0.9761497242614489 0.9821271614957566 0.9473626104649854 0.7460893551311779
18 3600 0.7822651823805166 0 49324.21098956479 0.009410982784436323 0.0839486353605407 0.07513207419831908 0.01104226916259183 0.1053774423805886 0.3178763285604802 0.3123340839169191 0.1677661081869739 0.21718465590964237 0.9458644172458649 0.3870491088340532 0.49065216968002073 0.3686675373098023 0.9913931833004272 0.9356048960436466 0.6162746997248854 0.9905610670723197 0.7338891831892065 0.9976596963174388 0.7753555925579855 0.7463944967265306
19 3800 0.7756667833639374 0 49539.223700709714 0.0019344365995885885 0.010147589706770297 0.19219949189057933 0.030188719471337968 0.004170846475303879 0.1390092301194975 0.18347653033401284 0.22876910138344939 0.5121567683341156 0.3388459934649461 0.7745929084044443 0.853932080262294 0.38261539671811856 0.8092433288535213 0.7781502270887969 0.7626210839044429 0.866559661938379 0.7953935675010592 0.9533809150325623 0.8723353890400718 0.7819543612646019
20 4000 0.746881427715677 0 48319.84430373391 0.0020141705929192935 0.1707182678816882 0.03897062849807513 0.006056131042958959 0.15782352134489536 0.012064679824389033 0.48175448282131134 0.3000013857305751 0.6038040239708955 0.19703874161313628 0.6507779139115587 0.6303527892951276 0.4101111363492814 0.6798987377666265 0.7286089425737619 0.8071664213206906 0.7763950845696478 0.8839897342733866 0.94505642778672 0.6828440834109707 0.6521242433229747
21 4200 0.7051328059426101 0 49637.62266401595 0.13811883955266652 0.004546982581928144 0.011728669917659309 0.056195102186499646 0.007675791608215432 0.18535166034153994 0.24267395889389834 0.33854485118089067 0.5783599269381172 0.39758756904862885 0.6502672892407575 0.3723972696588671 0.34656163850177846 0.7032765194072628 0.7669470314790715 0.8863089750814157 0.7008034973390356 0.9984987562334553 0.9402158806063377 0.7073345287442251 0.6142429835440157
22 4400 0.6506183507318586 0 44470.247866524354 0.0010653711800742898 0.0042786272298514245 0.003037640498299893 0.08209123875987256 0.0977693200560053 0.5335516881297631 0.2447496261534658 0.16355467933394818 0.4168034890609513 0.34212432032811624 0.48845802309086495 0.2654301975010208 0.2645123376062788 0.9822184542437705 0.8823462290228847 0.9348465285712938 0.9130109284244318 0.9538268196056026 0.9996817302148 0.9575752370027133 0.5699310683919852
23 4600 0.6379750777673052 0 45484.91309529843 0.08395440735102017 0.0048140402604281655 0.001024919225017801 0.034175369477989846 0.01794741568470461 0.11151618210403685 0.15946301256541517 0.37940639607020554 0.5693815149052156 0.578423053855236 0.30152264086127023 0.7278594252303571 0.11406052021135021 0.8989547075094161 0.9439043018834338 0.5590370072562071 0.9824893086211999 0.8008808609909058 0.9878041947989723 0.9329950740051102 0.7855039215767561
24 4800 0.6189264246177373 0 44455.35097138615 0.023995057336094246 0.017473917333666197 0.026243108430152217 0.05566056120589487 0.0438323386358576 0.17070086432582676 0.043759985909164724 0.23555519908409753 0.23332628208107448 0.35810758265602993 0.2399049537787893 0.48059085396440815 0.3123208785244784 0.8903299869351909 0.7936239208767146 0.41935797733302327 0.9999826795423972 0.936185129051213 0.9252492870432626 0.87496780886445 0.6380117361598062
25 5000 0.6095159378135391 0 43592.055483923374 0.035705351249101284 0.12978845637730005 2.910458344227961e-05 0.015760901280206602 0.1029509599405366 0.050206178567734155 0.17412114311330307 0.40424054438161694 0.35273228548483515 0.6164487506018982 0.45688722668741866 0.46823096335083036 0.3460898003999939 0.9603775457373568 0.9797222474698896 0.8044259438107827 0.87298148116691 0.9945422116668953 0.9999410555700639 0.8880553409661617 0.6441390170217872
26 5200 0.6310610497487806 0 46575.72906239387 1.0702056318969343e-05 0.086951843613231 0.13144877891343124 0.0429465425432923 0.019915249407673197 0.10754322730087418 0.12797872848568176 0.2842649731285874 0.5951667871801573 0.6066683093662854 0.28494081941843974 0.8976583439884518 0.3761128811742592 0.9800723577187295 0.8517796095507787 0.8945347577623743 0.906497375458014 0.9954179316842097 0.9999958787285278 0.7983309057934901 0.6832014241707918
27 5400 0.5949563324646602 0 43527.83781970609 0.0009670422601894982 0.07776474738889941 0.07163325263801362 0.017834543458824976 0.008759172009803274 0.1381016902693372 0.016484769986599708 0.4057468713374839 0.3237113710398401 0.3489505767975915 0.15844964136082296 0.27962656476193404 0.021695431550788978 0.9011439864496468 0.8984225751511404 0.7165022902229219 0.8201638949159006 0.9738983663229063 0.9830750652905778 0.9466837788058308 0.5778182524721864
28 5600 0.5451535280258601 0 44105.66790299936 0.06130973383087836 0.038078199472428007 0.09893253197768759 0.07258674403394619 0.06296398882360349 0.2506559529508193 0.15415462977321326 0.38149955708667893 0.3427784454403773 0.4042101063116844 0.4373053888289966 0.47884354188569406 0.24183523353671732 0.9563332434553597 0.9826592799649982 0.7583903566502429 0.9408782919151564 0.9106415392221138 0.9716151131075421 0.9873484120685226 0.5526721882611714
29 5800 0.544559499443711 0 43749.880894801056 0.011004941869975101 0.07768094301470768 0.17366994956668932 0.19855402118616777 0.09811916306422455 0.20968583756910747 0.24359093615463068 0.1607232113807982 0.39209787155300535 0.589919713675584 0.42383723915652294 0.5685787689687959 0.10395595400340643 0.9998344817834088 0.9894588263893686 0.7336819951083144 0.835786879026981 0.9245316166426306 0.9892678933731168 0.8718234789963911 0.6913038377572497
30 6000 0.5282827839648829 0 43198.50019008886 0.003324802278005382 9.939852572694308e-05 0.00194652386035775 0.00915375742856844 0.0074112531005630575 0.10164827269902305 0.09868613611206334 0.3641669702529143 0.4676504658375886 0.5876582142078464 0.6415484128921343 0.5831874952594533 0.20293475425895002 0.9329817596808924 0.9983176439793398 0.6992775927437025 0.803526315556475 0.9980925754786709 0.9993688403439723 0.9981374945919287 0.7015090945558051
30 6000 0.5282827839648829 0 43198.50019008886 0.003324802278005382 9.939852572694308e-05 0.00194652386035775 0.00915375742856844 0.0074112531005630575 0.10164827269902305 0.09868613611206334 0.3641669702529143 0.4676504658375886 0.5876582142078464 0.6415484128921343 0.5831874952594533 0.20293475425895002 0.9329817596808924 0.9983176439793398 0.6992775927437025 0.803526315556475 0.9980925754786709 0.9993688403439723 0.9981374945919287 0.7015090945558051
